39784
74747
38485
10556
81773
48139
5814
541
75002
80960
92143
56787
20329
12654
99553
45075
87503
83509
94356
25505
89462
11605
89721
97746
62509
37037
75225
8578
55690
68224
40674
16924
59707
36552
53346
11707
85463
5780
91780
34639
63790
66324
89953
24324
94011
89261
10902
33456
56277
69520
47155
36826
59272
6246
71408
53303
6007
26260
51769
96786
14012
8953
7172
93469
64791
38262
34025
69456
49422
12139
1275
27906
3
5
8
13116
27998
40238
37980
21250
70875
50126
96747
24076
95937
98180
96168
39819
77056
19287
34864
65366
35976
99990
91705
84030
41753
38796
37243
79607
45437
90070
36624
76866
60344
9330
11266
38978
77685
87469
54148
65407
95722
69384
28598
64756
91089
32338
32608
94966
13657
63512
129
47664
59020
55540
38604
83230
88469
12021
91031
31489
78478
79533
92200
85704
49929
84237
64245
10562
47105
80238
46784
73068
76119
66944
31075
4658
92
70590
63126
46332
81108
98815
90541
10534
33715
80220
57242
73962
90199
4542
24164
16433
92071
6624
37111
47540
16322
52691
13602
93626
14806
66352
42280
5399
50706
90610
12531
50572
62698
26887
26627
40721
16742
17038
24788
4409
318
98037
93524
34887
74817
38256
77976
30360
44734
44493
29849
97788
76289
7479
97385
8432
5408
44526
73790
6809
68646
52373
28564
88719
20289
8388
38321
9798
2696
62349
91525
62674
15319
34240
28831
51582
50025
38017
85083
32407
93496
43909
95833
20471
6589
2912
57839
19840
91092
79429
60221
64775
52990
15272
12145
88261
16138
48062
52478
13302
35391
24983
31996
62275
56325
48846
88247
51223
68693
5665
68292
30673
32607
48170
85039
46003
11168
77379
83152
64147
66392
39458
42374
64842
5637
92063
46548
74234
4181
6765
10946
47675
69782
52238
48963
77075
3489
46606
39865
15381
79677
52854
63577
91654
43239
87390
15836
58843
43815
38694
46104
42785
79950
77975
78190
85733
90804
60387
57766
27407
59925
72462
29114
76206
75988
90800
29198
26582
45803
34263
21122
74364
39585
1439
75137
52640
72529
96297
83869
21405
29205
28189
27334
30684
41192
98479
40855
27709
77664
46622
3744
56119
57792
37455
39984
52684
1005
14251
44378
27679
61365
62307
23095
26607
50490
22935
49342
3690
81007
18409
69717
27987
79039
28813
93230
99779
41930
78589
34344
60507
54259
43333
86627
25482
24193
84390
79302
99212
15232
39969
88797
44300
53820
2862
3290
42813
19596
55756
49781
99118
76380
12986
95869
95577
61985
58083
88002
3703
36231
98254
68848
28657
46368
75025
31449
29252
51642
55662
35830
77168
7821
76500
87886
32933
58069
95289
34417
79465
1472
49814
10632
93410
89671
94185
4954
27519
79841
5695
95968
92935
80799
64312
15534
87062
96851
57348
20155
77000
68583
17977
85207
82793
10032
80108
26322
18702
72354
54727
81923
55145
7348
55406
80729
24900
81555
30914
48555
68243
84825
26865
15091
35602
36885
15538
81497
66219
35779
44248
95987
44088
17049
32428
5612
83479
50407
76195
61272
95364
36631
73905
27776
57865
31615
80642
76101
87602
42342
42817
28239
25049
6962
77563
28440
64644
80031
14341
75496
15421
19412
126
44946
5101
44677
28768
90177
49181
21466
73529
85619
38075
87292
8907
32139
11568
87471
31191
27912
11712
64891
69791
35564
68988
39909
16408
76151
40022
43898
85206
55541
7108
83167
56707
78069
72159
13523
32500
91845
32713
23177
1
1
2
12344
38694
31445
56525
40249
48024
10521
14215
12558
57814
80371
79796
19765
6419
40757
11880
82055
91363
95679
21072
6395
54457
748
58135
17711
28657
46368
39259
37432
90287
37395
88813
20480
74237
78723
71245
63596
89852
79340
19858
41189
21019
6357
800
22805
11229
50140
51464
29873
21954
52362
5840
47533
57188
30997
97849
21282
53224
65264
8270
19223
88857
62958
42358
71603
28238
25227
47900
82337
81161
58565
85847
59882
95633
20151
53730
64490
71367
86779
45702
48424
14969
47180
77864
33495
80195
37665
26676
80998
27136
34495
93156
2325
72556
29987
32825
35624
8502
78200
77420
24926
74014
62582
6853
17134
77564
24275
52595
56002
77230
71641
13798
87434
81495
68055
4429
94991
87467
3644
17918
73831
11241
59717
39239
41158
55304
62763
83975
66597
24107
97872
92508
45551
74443
7662
3902
78568
43816
71619
34689
16531
1021
23306
45748
72756
86429
34334
8995
35716
51040
47004
87117
29779
1521
68104
653
77574
35569
37372
9293
89700
26048
3058
9484
17976
39004
56353
25451
24168
99197
98757
18735
22384
74897
99666
51156
16693
90611
72212
89059
98731
28126
28549
19791
17934
28131
93733
88832
37510
33618
8699
82160
99382
40949
36471
64004
23448
99873
18210
3438
78733
96103
90325
99662
53853
91266
57172
41060
22817
88395
97076
24732
49102
78121
38793
62542
13
21
34
6589
2445
69374
74439
70766
78099
55
16725
70814
39167
91736
11182
72107
44720
3332
18716
83459
34997
22691
94897
45201
43655
22241
33012
93222
91998
59239
22990
86322
73672
73595
46779
56750
95569
14154
68088
3736
89736
45143
44083
45759
20493
53265
43901
98302
2303
52655
78102
71630
56006
80840
20979
94464
98620
63820
96773
40839
17222
82978
69798
51100
41159
18785
37992
22141
13108
55087
68617
42673
26556
79511
72568
38207
41792
58080
5398
58646
44309
34
55
89
18683
4162
11711
45010
89856
32888
51882
92314
97954
96642
24087
16571
76949
61987
32579
3179
21498
62111
50422
18882
73690
2
3
5
75816
68317
92232
31493
30449
45386
21522
92314
65315
16559
7465
7064
15855
62998
89835
18627
45149
37100
46651
50644
29171
49817
64330
20107
15753
80855
26740
63966
46678
78157
44605
75171
98772
98832
86502
93751
18808
34293
52572
59774
52441
97270
47447
37977
67718
88801
82564
29452
58080
97640
13013
31266
11226
74183
87996
17707
55354
33742
64277
9404
36498
24673
57727
29421
92543
21498
93656
32781
47937
53477
88245
70684
61804
52059
32520
1368
16549
42309
2230
71736
297
1
1
2
42471
33131
13225
88399
40822
52920
84959
49861
56519
3
5
8
81657
70427
81590
270
13182
37088
75998
25405
15785
97441
86232
88047
8902
40336
47988
64667
88903
58830
62257
88964
35753
74532
46456
68175
55563
36473
29293
11433
3666
33901
63250
7571
15836
99296
69752
12156
46390
35275
71013
12316
70312
47044
21769
53162
1964
64550
75681
59836
9560
40917
57371
75086
10688
50274
82156
8877
11171
26884
46352
5303
96896
61598
94173
75093
2422
77975
11184
12031
56161
56666
26324
88157
33209
32675
88584
60233
20982
10174
35467
8930
87298
40791
87520
68650
26615
51930
89487
87038
35872
99960
98381
80684
41530
98338
96940
8111
11601
62406
6273
32872
44891
59224
51811
57402
83451
67308
8605
6035
77723
53857
85682
22471
56949
26752
69368
79079
88754
45475
58969
62917
10369
94444
84569
26288
72792
16311
11158
15780
76943
74434
6667
75162
46418
30900
59739
92566
21147
92566
40413
57645
608
25336
71980
37300
28301
62317
84205
34722
18816
87586
8953
12136
65463
11870
76382
59373
8989
14154
48829
38813
55107
87778
7164
53723
76204
38154
48831
94640
46815
21887
65200
82218
31651
90837
23220
53716
21888
71611
81262
68375
47165
89579
70959
4379
5861
17686
50188
73343
93956
88872
87604
25880
28232
62203
65157
81989
46906
52344
16976
39041
61265
80471
64772
57940
32582
29864
36232
80057
23619
95886
16684
85109
80265
54411
50580
17914
59658
76963
54700
97644
67945
93297
37457
3710
91844
37161
69546
463
81568
20882
66620
46277
64798
60644
85422
88579
53666
60714
87068
91524
22409
8320
90711
26521
61711
21629
29423
55113
58137
79638
90834
52466
87975
87452
86225
92958
96452
94361
30127
91534
9989
76556
91120
54177
65488
42793
27513
28885
9129
932
7634
34045
80931
16173
56259
86954
73662
85441
39887
94600
32544
45626
43089
48335
86535
62692
37903
98769
76295
69485
27786
6580
55237
3179
74260
74292
28002
65864
11601
47792
79178
84335
34434
7029
27560
25578
47004
22984
43105
48186
6636
99049
89071
13630
24931
46194
83043
25152
40574
88949
6489
46406
68465
33404
29015
29602
78638
62922
91215
26113
55540
34053
6888
86071
37055
43093
76839
25475
91202
8166
62143
87100
45834
77983
24428
84750
6815
75596
13
21
34
89584
26269
93333
7024
68086
84668
10082
46478
67347
12451
84935
71044
72593
25113
71710
1118
87008
42678
34848
61936
4126
89586
34405
33062
28509
54754
34959
30027
41750
63150
47167
7992
11391
610
987
1597
91370
78520
8058
43280
36163
90139
89834
70631
22532
74872
42192
15670
92365
95974
16113
82989
63009
21078
68618
31216
37518
24070
74058
90877
47029
56541
37110
62237
59105
86699
11890
16204
94823
48915
15432
94787
12532
4403
32536
52895
42309
38436
53188
358
94104
37176
14169
48178
8752
27682
5036
16345
74315
70836
56338
40351
69189
19049
81595
1757
25074
2403
49976
8786
65721
14703
73999
47804
74005
29274
33015
73847
8485
18315
18565
87006
24932
10825
32077
89615
76347
74563
32837
18532
92699
51986
91343
26799
70370
60671
81332
60261
5622
71443
14604
77378
88836
3891
93370
83361
2597
74059
43928
19953
7980
21723
17680
93190
36581
66738
9508
95202
14596
34139
53715
17956
19219
35066
43128
51053
1803
78521
14992
95299
84721
67537
35640
22859
61866
71222
32667
16539
77422
80650
54497
2375
84898
88726
20267
16008
10915
1597
2584
4181
61077
33654
29252
22908
60486
18947
66360
25125
86099
91002
70993
92807
68508
20504
38893
93346
66665
27750
83636
83727
50913
87261
65463
48626
377
610
987
91264
41265
22187
15338
73251
30406
5297
27544
44872
66656
72502
30383
40448
68203
50792
60811
40888
75718
45391
58761
28951
14636
33513
84387
93348
82335
1633
63721
80124
12576
15779
8152
15992
89812
74767
98207
86899
18096
56061
34614
68474
2778
40007
78960
25263
94045
56995
65917
4220
67736
89121
97014
20819
80129
78421
51145
87375
55890
80620
69823
93440
39865
39211
6520
68179
37839
87661
49551
38864
77226
24812
19014
16832
67529
82868
44378
10415
3311
6272
71774
51894
92619
48820
3737
89365
12230
95083
33947
44844
78338
83181
21255
34144
6569
14940
79916
75494
43858
50539
97629
4207
65674
46521
64345
39449
21089
78690
83354
3220
62902
2660
6470
33769
50688
82008
13584
68227
54353
43558
36457
35504
38049
44670
27142
25124
88825
233
377
610
81000
47498
32023
51144
86270
27497
69969
2235
82784
59657
6770
54123
13949
33055
29774
94863
81684
77794
56513
23531
66790
53676
42269
29891
17192
18949
3828
49613
88704
13652
98541
51829
866
7917
18728
65504
42855
67112
20742
84981
4072
98007
44739
87591
17792
25071
36961
57847
58068
56595
29233
50169
66926
59402
71478
73639
49502
15859
6097
15675
50807
86936
12326
22687
54323
68627
7308
6565
88726
89
144
233
4605
21829
25637
8
13
21
55524
65764
55228
10592
20563
86549
73185
56759
73729
11037
18542
83151
74570
74921
26318
54457
57364
7296
65069
52222
47762
81681
7078
25669
47936
16869
5603
13547
89757
58767
41838
28051
90586
34
55
89
9658
61813
24670
55257
7936
41862
40301
44056
80563
2766
91804
7481
71738
52045
35447
28712
20038
58288
14193
56881
61170
49283
30467
71679
31045
83414
26175
65314
42250
16655
88929
58797
92702
96991
1004
36466
75705
12914
91736
50676
66717
45657
40149
76615
40526
60543
45591
47549
56065
93236
46431
84177
22238
37766
9647
37896
58865
17937
42334
32722
10841
35755
77754
49979
3499
18765
53107
35914
66455
90575
54818
65181
76032
79522
68586
20731
10300
66725
76314
64498
67432
49298
70962
61484
10946
17711
28657
48462
48106
20650
60465
67633
39511
31511
46491
27640
22529
28457
12818
30224
41135
72062
87156
42994
18680
12314
6596
35305
60540
70472
37272
71589
41846
8401
10358
38340
22697
65917
19074
83637
1
1
2
66156
84556
27507
30443
30972
14840
24528
98005
66199
67647
40697
78148
19229
80850
56887
71247
30236
87089
8223
81166
18491
28609
12667
17226
62265
73765
46970
51492
61425
63605
37984
80194
85199
173
21417
69884
51081
36358
3113
98815
72996
71292
98537
36018
65188
53222
3775
91977
27439
33801
13148
74286
75288
21949
15495
22452
12879
67367
39330
4592
95192
17227
29076
49083
1091
36728
49584
53342
91921
69187
44006
46933
38180
67768
10055
20182
27172
84632
75983
64131
47632
78091
90270
38517
57308
47818
51016
31182
16674
4690
2216
45188
42255
62241
27793
50259
12778
76968
50005
48001
15784
14145
39675
88079
52694
6085
62590
8404
88077
23394
63643
10451
64392
59731
80125
62249
15739
11316
24625
26947
4283
95948
4215
80905
4910
74895
62442
72096
51629
2751
5829
50451
46305
97493
47199
34569
14177
78021
97132
80385
68350
70206
50218
86847
14972
99562
33564
8877
20451
60701
77634
41694
10853
14585
59425
3322
5849
3261
32198
31650
21757
37060
28510
40448
9323
74434
37000
43746
59779
97773
28247
52739
76399
65493
22121
40687
25544
779
29189
82116
48668
7418
46187
33757
81029
83433
28300
5126
35346
80259
45087
99373
54667
38201
71954
31024
4731
91078
72847
53909
2479
59237
86879
64157
9891
33318
44456
67109
909
68221
32285
62189
5763
26409
71315
67240
89368
94884
77159
17269
82444
3677
88420
40683
51039
84541
47118
66181
55454
22564
40370
86348
66399
73161
76576
61681
40150
9542
4391
61019
57219
28179
30316
33921
68195
7944
50859
95693
93819
70287
4955
44977
81203
67158
2956
96367
51382
21503
53898
69390
19215
19124
71704
36070
32218
83626
9006
5988
14259
1769
58953
73727
27920
61410
11906
33646
22046
55891
78426
26861
56082
43565
73217
86746
70691
53184
9482
67757
21653
83647
97119
54281
38136
71352
88578
59182
40595
50124
68945
75365
51896
32081
72447
32385
69731
28478
56329
2545
89169
1990
61839
30734
68974
82602
62138
27861
55185
87819
49114
75825
94837
82479
18300
58789
22202
88651
40969
27981
12114
37168
31721
35262
87027
37760
4803
78560
45982
86887
21549
4220
87038
22092
35858
9342
96377
31965
63196
31737
55306
47562
28925
42191
22712
70105
987
1597
2584
9385
90306
6650
16340
67788
39910
73269
2056
17894
19620
19606
2702
20264
67987
20829
14648
75203
53975
9104
11215
58267
95462
65880
76172
91905
36440
41833
4159
659
71426
2293
42821
27998
91659
23613
53863
91761
69210
50768
70819
56749
11359
20783
95953
31513
58142
67871
75225
50893
86948
66951
61457
18398
1272
97624
36744
17651
2
3
5
48701
17575
40896
47966
58448
61439
75518
64124
25957
67223
38958
73708
63690
3430
367
77873
91224
77674
78173
71139
70182
22113
63214
90080
56075
89777
77808
40012
3933
22715
99345
79602
34008
1688
63701
43003
1
1
2
19733
98483
14756
27327
64520
14239
83779
45027
24511
85695
8904
35355
28496
17733
43989
65976
94324
77905
32025
16234
94652
66631
36368
13133
30549
57436
81869
16833
65935
92165
55122
25624
29861
21714
13238
76911
75708
49969
41296
49557
29585
79488
71793
64216
82695
74625
93029
29935
64109
19038
5638
55453
1665
27564
40548
22936
76469
16736
36440
8492
51292
38251
98642
7884
13297
19014
78240
60309
81084
65767
19727
68492
31500
84480
69647
27223
83242
93431
92736
57563
22060
3447
16102
71112
98230
84709
17502
9839
13712
6895
97568
88285
40819
15207
97272
28835
11385
30865
12174
95787
62493
74688
14022
23192
90975
64755
58772
23635
90120
17632
96212
59361
5283
15673
90078
25752
79396
16174
31785
60309
76617
58916
36375
16634
6090
56587
96381
96514
51515
17350
87159
41907
30967
13090
84481
58508
77924
98963
26476
75139
20029
52307
54455
51606
15345
58542
86345
93127
4794
56783
49081
62685
69787
22311
46723
19411
51284
30242
97271
10422
95879
49396
19846
95809
14220
40065
25258
60410
63986
63978
60922
81698
16878
7221
77051
39146
64738
8244
44873
16601
4181
6765
10946
83931
20290
65885
12439
41357
65455
53453
13880
82780
25159
95027
29287
66151
49153
17418
40366
78084
47862
55910
15681
9774
79763
34206
99346
88524
68549
43816
97633
61272
85586
52581
78897
915
7502
11749
62149
74159
17947
95202
80264
4208
6975
9866
30735
74512
54535
69466
13428
65516
6161
52282
15123
31294
4232
7157
74938
10074
20116
17645
95602
32477
99579
67664
87912
38009
98603
97072
68440
82948
393
36351
44820
67069
9382
84868
45764
78232
18242
73527
82152
84240
56958
1586
21872
84909
77903
4459
38409
92041
62992
5108
84333
49594
53506
28688
86535
39723
42162
74636
93319
33056
49784
93107
52193
79765
78759
14085
26848
80957
17583
91560
55
89
144
73836
27349
96641
68938
18186
71522
15946
46634
7636
87749
42027
48736
15412
13508
70184
18002
43946
93025
24964
92130
16896
82213
15741
87944
43327
95252
95852
54377
98901
47366
22542
30433
61754
97516
96873
29236
50892
45347
41193
39525
27718
62112
74646
32859
31342
91414
98800
6081
88308
45773
86406
36788
82922
96204
56891
5578
16028
37866
3663
11108
83849
7143
34058
6683
79923
12621
32180
69478
83341
99597
99719
13202
55169
30319
60014
92404
4959
33275
60437
57888
40909
45333
11015
42590
72506
66442
44498
11281
34816
74327
95785
35277
27501
30544
1017
8665
37828
34029
97601
41433
89855
68469
58333
18693
15771
62037
17719
41572
4181
6765
10946
48240
85237
92548
48936
54104
90011
92832
50581
51766
74138
32343
39947
63572
15046
51731
64738
20938
85483
91143
98673
66447
89460
31970
24671
60074
18248
91733
8146
93715
93836
53153
43271
70472
10748
71157
14984
16903
12610
26381
53903
90694
82276
79243
50480
99650
72045
28347
61280
48486
4755
74697
27586
27606
35209
11564
48795
48826
34559
19857
24597
71654
10590
8077
46748
83297
24223
86203
67434
8077
54965
29087
54694
3730
74582
21701
3
5
8
97626
47091
88797
46575
94336
33786
63687
85441
40538
60151
33997
5582
50175
89634
89608
66639
20481
55180
73131
25421
44447
91480
4778
3636
1524
85731
22628
32983
28601
81735
93706
76064
81915
56444
68569
86321
7497
92021
21464
40645
99312
28729
29669
30593
86381
80554
44432
20014
6061
50064
27978
65907
23045
48911
64069
11850
19884
43349
46494
2291
144
233
377
96998
55033
62721
85695
44106
98304
19752
33337
95829
34633
71515
1499
54710
17008
49828
97046
82115
73190
56979
81147
71974
55364
99118
61565
62796
43213
87403
24020
46355
23091
61017
22522
37257
30420
37880
50207
48281
53360
33068
10946
17711
28657
523
47038
15578
5975
44246
80062
4131
51741
90219
1576
7821
52180
20371
92237
47043
66048
16847
60421
1
2
3
91920
56832
94260
30550
25567
11287
47437
20373
86877
71256
71678
7429
36618
54488
48181
3336
62315
39516
91608
34232
68340
7498
11661
94515
87853
35443
19843
51459
10358
89683
53818
33737
29954
8106
94636
79091
44660
83943
23412
77905
30298
8339
46115
68415
92478
71033
71403
55413
34144
42055
43200
14699
44232
85152
91295
96661
65792
2334
49979
12473
61343
53181
27088
95979
55484
9182
6374
27254
33923
14382
31473
75909
79776
63698
67222
14181
26752
23568
79127
93381
76773
83332
60335
23980
83909
34166
28250
7922
20082
42568
96172
48302
11500
60385
33964
52000
11422
46501
22270
53483
34300
95988
10021
18374
73664
44062
82828
92906
75342
5927
54945
1316
65740
97455
65278
35239
15059
81990
62619
1851
81737
9535
66582
66204
42828
72928
37246
26399
63925
87168
1781
8896
80826
90695
35633
69140
8315
62676
19254
4592
46872
88664
30003
92594
43037
13848
21997
98545
34319
2370
91207
43911
64141
67556
71487
22853
21334
49113
38789
23023
76261
62897
12574
4794
50219
26420
21821
37229
72134
65576
86451
7267
51394
80193
86748
1033
79682
21521
10797
27248
610
987
1597
10173
50220
67619
32209
3869
34842
7294
83355
68382
94188
89677
73476
10821
18029
37449
37869
10014
76638
78833
3770
40177
82609
5672
48373
73829
45493
47064
62436
84959
49253
20642
83605
50368
11305
26752
16153
85426
34864
92099
46403
53154
58440
40284
59974
84693
88773
88819
66603
40895
14762
94450
1510
89761
35814
52621
46993
32113
40760
28376
4570
99629
47902
11396
610
987
1597
62264
28666
11036
70486
79821
76065
85976
20999
42480
76315
74426
93549
68822
1
67293
54253
47326
75304
85791
10514
92198
83200
24865
26134
14081
66836
38147
22020
44443
33834
36285
91424
31405
12592
52241
79712
10240
88693
13628
13661
51850
13845
6945
23797
23978
63448
19697
19426
52321
33111
80397
12699
56752
29631
16618
68586
46780
33482
5815
54453
82736
54611
88132
31229
53820
18150
8897
75045
9887
91684
89578
19990
48652
42284
12228
13503
76163
68643
85258
43867
76485
43063
55247
63856
48899
70694
28156
76003
62000
43646
19136
47202
1728
13109
61747
91502
70567
43532
32461
2571
22670
14012
11254
98161
6963
24028
78663
3185
5
8
13
65733
14276
48140
9307
90346
56418
42591
56447
22109
64338
88532
7533
64259
40247
29301
3405
82857
73017
69445
76276
411
59737
88260
65262
88446
47306
19374
29241
6057
90818
24708
35367
87832
15790
73154
82914
42398
41748
82700
34759
90799
19560
77109
11466
78385
74183
53695
95156
81453
82966
80019
55315
25948
63865
27216
5804
13159
89
144
233
15235
95040
24658
44630
38672
59769
8492
48295
86895
37687
45427
50788
2261
97598
43872
1466
22807
51233
95133
64878
28626
51042
70484
86097
34103
79133
72176
99594
51850
77591
8653
26522
52347
89534
25017
82278
62029
58670
90368
21376
1603
11630
32346
27853
37698
59484
64834
85618
93128
17233
44967
93480
74483
82521
90794
25716
22766
73827
72754
79629
38291
20944
12341
83991
82415
16903
83113
96968
12917
55576
98977
53002
50163
40449
99874
31282
18353
71112
16579
34704
21458
35564
82297
96843
47218
95642
36023
32892
95957
74217
68959
23856
2324
84158
42037
25512
10808
17922
75624
17154
15506
86410
49338
57360
75826
57355
46428
56127
66797
64556
86571
77908
67238
32286
2633
59486
45756
60678
21264
53504
4959
93063
84256
4135
47391
51267
75880
68826
74741
44891
816
10919
33477
79989
34415
98887
46001
10990
99784
18834
45567
78968
33398
22628
18790
87711
52075
34813
71909
42022
76913
11438
27715
41971
88240
62997
66237
86943
46850
20922
49365
4178
89744
38818
14137
9704
40791
92917
82382
20584
68546
73960
7550
2637
90403
65458
52223
83652
62929
48171
89
144
233
9772
37756
39399
58958
87739
62981
50999
20358
74252
43854
44851
90525
59650
4485
38560
85795
52937
3170
85476
320
38695
377
610
987
30241
21049
89563
13621
24319
73648
61229
12897
77039
44115
30087
80484
80180
40292
54074
27500
40945
99127
60391
95505
16105
44672
59568
10291
51499
44623
94986
17087
69515
5937
12146
41188
89046
47346
3211
29936
21469
7349
51617
56440
58349
15396
48245
60526
27637
60791
1519
15306
12665
30847
40137
98387
74931
95447
54744
87545
68410
49017
22823
13940
39601
42728
12113
67357
8139
7286
28991
96062
30355
35776
8862
5958
1
2
3
43498
77641
89829
14545
74923
33586
6835
95453
78376
79054
21618
4819
9610
79192
69513
60984
82221
38569
50157
91817
93003
5723
57228
83368
36247
32441
54682
92591
77766
82912
50670
38495
65613
85504
36934
33760
60128
53888
75501
24252
82734
98456
28246
11044
66401
47095
30906
85006
56627
35787
89528
36362
2571
32329
78619
60211
52154
61804
4008
72717
89176
39088
69713
42567
75255
39421
36663
25404
7961
2771
80130
38320
55482
31462
49002
23883
32388
61665
15187
50963
39100
33440
8681
24184
28269
9504
23473
13008
26184
8852
72576
43603
55696
39034
92951
92881
92390
32914
65612
90229
85869
39181
833
9132
82572
17089
62041
42931
90760
52808
89133
20693
99203
65164
84377
27221
79930
55967
32068
85188
8160
21224
61726
64130
48191
61569
47491
39668
4452
62361
84771
53099
12583
61049
3881
86769
15604
33236
42326
17295
81436
2966
31674
8922
81342
78640
75851
1547
66451
43220
13607
36573
30169
12472
39
96242
76165
42189
52740
45435
31773
12336
52283
17733
94170
30380
61278
79067
2294
2750
81582
95556
19128
58367
96749
39857
16057
37035
43232
4914
3510
65308
94466
87936
88949
39328
57664
4142
57360
60284
82854
16280
32301
55089
47816
61932
41095
1162
56799
6389
55875
10946
17711
28657
4667
58619
14990
8258
91207
44007
30350
66927
27537
97850
60241
8726
40883
32568
7489
41793
46054
7320
80017
50562
49228
97183
41952
55332
42812
63815
36187
10946
17711
28657
90652
50380
78010
93293
12970
62911
78610
77564
46332
16610
16455
20769
71969
42586
27690
69795
72570
20371
53538
61573
1254
91642
64270
32630
10425
94474
67866
21999
34038
11276
37751
56354
98950
61323
60308
63673
93710
63327
56937
68495
76739
4076
79322
66696
35994
38988
64085
5179
82148
73383
90471
27637
47275
50522
72122
7862
89274
5933
2767
88138
56031
67182
71190
57487
62653
22433
29775
58921
68635
35192
89934
89840
20155
66462
58155
39696
72927
53090
44794
30505
46355
41449
36388
70940
19513
72606
65222
68855
40698
98696
825
54661
1689
90383
14521
98772
62894
93998
22737
35914
3222
47558
8474
56197
92445
43952
7580
3006
72456
22109
1530
81331
24132
91519
14597
50756
54712
1954
39938
39265
55
89
144
81660
77224
43315
88563
3744
57125
6029
43397
54373
90444
49735
20442
69117
58131
56332
62569
68035
33749
13694
14861
33559
6679
2506
38205
62799
69256
30250
63750
32707
59669
99363
39195
6728
95777
59766
43511
53832
53149
52118
64542
98458
59080
58420
17765
77474
65654
9269
98371
92228
3587
45991
26154
36838
15148
10401
85167
9337
22177
45200
50689
69116
63941
22624
35554
84566
97010
80813
35545
62033
82017
53763
86177
33124
7234
67321
70552
29432
66599
26136
53771
98794
58051
47096
46347
67719
65343
35361
63531
65536
45883
23623
81641
64038
97089
45281
17317
94005
3035
64395
21684
45370
25877
82335
63609
44859
29098
23763
88594
27794
54847
38136
22176
4418
46435
66686
82405
64362
21253
20316
87258
15944
95156
37157
62086
56856
78858
78443
36875
11791
53264
97999
72994
73928
31803
65127
60110
27944
59328
55310
20309
86103
76760
41178
95486
18985
12088
36603
29481
4386
26386
79316
97
28597
80086
8031
3987
69360
14260
98137
30069
59437
82449
49120
22924
67345
65759
11892
51074
86033
2668
66724
59595
85499
73618
83170
74848
52546
94011
23648
47003
54710
91555
90052
61973
43770
12740
82605
52499
40209
6765
10946
17711
24764
96787
56160
35785
51341
31868
2551
5463
65164
92768
72687
79437
99578
86480
15530
58175
19991
97985
5502
12713
57556
71858
2312
29111
40443
11014
60057
57341
48452
31304
14907
76723
53396
25229
84891
69228
21075
60790
86535
29838
48469
64951
42378
64776
49019
61263
99032
24047
78505
55758
88160
99265
61871
81926
2835
61274
94814
62125
8331
69097
55103
92911
60532
62825
36111
35011
29122
21961
15803
65885
22745
46044
81580
29248
37838
90348
33182
42277
19624
61115
54932
99900
47602
60982
31705
78768
31839
51110
9297
77714
90829
67756
9968
34753
20296
73904
58942
77458
83950
20349
59395
12401
92259
71399
16723
5165
51786
62743
67863
23956
58103
25413
96664
15158
80019
67724
38202
27285
71006
21825
53112
17612
18317
19613
84547
10562
31954
76124
85727
98710
42517
27035
41957
96556
98550
66932
45131
40404
9067
95294
86945
33389
43977
82063
86407
96388
10230
68670
7719
15532
4120
6395
95859
54130
40942
38792
58501
96886
26312
61678
17195
14854
26331
12652
51396
20212
898
43857
4209
57062
47917
91973
69810
20729
2306
5259
91992
16295
87192
13292
94538
76594
27290
78091
27028
10548
39490
57788
1849
1386
37467
74738
38953
48041
56199
17179
58602
72943
72343
52286
50162
26512
94927
45750
88971
72218
30578
75555
70649
62886
61234
48170
29979
68699
60191
99986
43398
3934
17151
38517
55344
34612
90823
56161
56853
62883
99301
65825
15310
52712
12772
67546
18911
36961
74011
44829
97246
610
987
1597
99531
90883
68113
65725
1322
82553
52489
8029
62261
10783
90402
26497
66590
85996
19152
43099
22286
49131
90224
32320
13786
1619
97002
81464
71638
55074
59901
88653
18385
72563
80828
98279
63684
60737
94722
85073
62848
71079
67341
61648
40637
22916
17711
28657
46368
38271
32434
15430
76884
92629
46760
2584
4181
6765
77267
78879
40442
10046
17198
41117
72058
59075
58445
37110
92228
90784
28531
78484
94377
76771
61015
18965
97765
42695
84501
9930
34445
60257
86555
11560
30171
16466
30556
45658
3908
15141
87694
20599
37077
74382
56276
80713
3971
89480
33908
28782
18103
41782
68028
2119
57569
87716
78360
27846
77563
47329
39660
66152
46640
80755
25744
24513
26677
41847
42866
49308
41640
68171
79547
81569
11020
87209
95670
28087
11155
18108
59830
75296
26977
81463
19652
42970
74153
89559
61354
54859
39408
54722
25751
17514
98018
92514
52630
23622
13116
83271
17873
59261
63075
73269
55
89
144
90051
68349
31493
5205
38497
91258
98044
40194
13583
74865
84248
18031
26004
90725
20160
32228
17776
6451
46071
44885
20798
56570
26159
95753
15897
40295
31817
95627
7528
17487
58278
38908
3125
88978
92719
6464
6457
41733
18431
6845
49009
90408
42807
93521
88210
39664
98170
90575
94260
82852
31022
50463
44271
16236
836
62605
48048
2070
44377
49381
94241
85549
19815
35217
36170
24903
91775
61725
57987
14758
29623
48149
28817
61405
75442
67572
64547
33317
74624
62590
72739
1083
75625
56932
83950
1909
56615
34190
37490
60457
47885
8365
59869
63526
83147
28889
10201
46130
56852
73299
81813
80402
42780
28393
757
77692
46135
54901
71909
87085
72307
61821
17951
78202
23420
30560
31240
72157
26337
18109
88387
91589
59198
62171
26828
66832
97165
51271
69035
24473
22453
47189
5251
54886
39636
60301
55984
5323
74287
62428
55572
14612
17861
18080
74019
77902
37090
70233
24000
48153
84282
41265
97394
45836
31826
59150
18708
73355
74426
83762
37437
57260
76856
23928
92686
91656
25441
86922
80672
16171
74719
80132
86390
3017
99796
58181
43090
58945
8680
82577
96043
47094
2645
12667
10082
55797
46176
43546
24125
35841
81667
36857
24161
50421
3144
36856
70910
90701
7105
35218
5390
44150
81806
29227
5750
46997
18355
45242
36500
70704
82443
80472
10096
12211
59574
85082
53879
44281
32782
82073
60262
95406
618
49201
3832
59335
14749
1542
34
55
89
66668
62336
47734
56421
81802
69513
20516
61243
29741
60075
87941
53094
53622
33211
34304
87817
27366
30833
39586
12137
16152
73921
79704
45911
54354
65106
85980
88805
48340
970
12826
1977
19247
64911
21060
31857
85269
74673
24549
19845
16961
11781
35880
30751
46466
18090
94798
88470
64768
4952
25341
5
8
13
52796
89530
98962
48595
98766
87963
99891
83152
17315
30365
66068
80209
72752
68096
98256
34450
23153
70662
3661
24974
7269
78358
62518
37896
50033
81976
60540
77253
31548
6319
48361
6923
7246
30730
87240
79182
56655
12655
63800
87285
43777
42001
78715
71467
43284
82421
74863
95425
14185
80997
43441
2056
82279
49302
25070
82072
45651
16835
28329
4704
97274
40396
62181
987
1597
2584
51971
28696
4148
43432
68882
41173
76545
78250
91333
58594
43452
57978
28387
36698
24346
54870
17258
73169
87589
56769
78154
25971
47980
6721
19697
95536
843
26575
62088
33976
23573
52802
76973
66394
49485
84303
114
17995
22379
73250
20903
97753
7489
31256
68806
83192
83051
75174
3474
36533
90372
27037
69023
68888
79045
77244
16721
40179
81517
77245
78055
36128
41407
38941
91256
46135
49368
79666
33159
14293
23082
95906
92053
84415
43179
17905
52199
33920
96471
21422
20261
52960
64221
94373
24442
52071
76035
95504
96180
77321
29521
46524
40145
24316
48291
97133
1317
12261
99550
94774
58673
29276
93548
36234
79170
72981
54065
25075
68780
6720
8762
40662
3623
26264
37956
43233
20922
39652
52217
49516
20512
86213
78486
11947
40507
28503
68297
71661
58230
98290
21193
64850
68762
66233
76266
3509
46875
33537
19457
88116
90568
21
34
55
67943
11071
53420
83978
95567
57476
11553
97474
73374
30938
92235
65354
37230
73867
87005
10758
81452
27006
72089
28269
996
17045
11635
91573
89224
95252
65361
66099
29469
84344
51162
60434
85489
2127
96574
86509
57205
26723
65196
83013
64547
79701
52657
41346
93055
25451
90551
24671
72980
29916
97171
28990
87517
37649
49044
94534
55619
70092
16176
96234
56639
75994
73968
29946
94040
93957
6314
32662
26807
86208
90656
63574
8621
5655
46737
67995
33278
23276
63309
38876
52336
48436
42226
91111
45978
48314
46452
36325
81595
40603
47396
14558
16147
10836
36895
25464
44457
69100
68566
33295
85057
20129
92012
55583
40687
51077
56046
8807
63031
52937
76760
2163
69570
11967
44944
14864
81223
85214
55209
15858
61352
59978
5917
27506
66360
64629
77045
86296
32728
22998
55989
47063
77592
144
22452
57396
75982
39597
59148
51138
54939
54885
51406
72821
1147
12468
5307
89902
31445
25927
23216
83565
4355
26830
93375
24331
98931
74009
61119
38077
10979
9327
30357
57275
16054
5
8
13
9806
80101
11436
59586
21154
15419
76071
62676
92422
19041
18840
62265
610
987
1597
11012
64493
61038
97113
75249
78650
15704
27399
23482
59881
58513
83576
64512
84651
87523
59389
33142
2212
78144
17094
40510
47099
20394
69745
2584
4181
6765
57937
91090
12363
85374
8795
93367
31622
55391
48013
5344
58340
41684
10265
98855
58134
0
1
1
24179
11453
16453
31914
67565
70112
21457
88009
3016
10081
55108
32268
74322
29304
50105
39770
97261
51767
95450
1779
98579
42725
87137
48228
59965
3423
28301
36030
71609
10082
21665
81538
54144
3
5
8
80218
76881
97348
4903
62174
30167
3871
49520
5583
37506
93076
51854
31914
66600
44130
51324
38706
5374
76789
9253
23230
84294
87699
28205
42190
41772
57531
91457
1111
94921
16075
89217
9689
78618
9570
26215
987
1597
2584
21255
88069
88828
5468
97605
34477
75259
39542
95340
5
8
13
26588
26994
65680
56621
22519
10025
93175
99660
81749
83701
23469
22633
60209
1631
63248
74263
172
85723
75542
3941
25892
5330
21831
60433
10800
63855
71227
57101
92121
65519
53700
79057
92904
16466
85431
80249
51301
22234
12843
8223
41486
40654
3
5
8
57997
26989
98406
32523
82591
93766
25501
3182
51681
57518
27365
5764
88110
92378
46757
10809
17020
12420
92064
13518
68036
11033
4509
42762
95274
40964
67228
97332
83464
42778
22082
31243
31043
74317
70539
84998
64185
41184
46893
6697
28232
67851
78234
25545
68678
49391
23220
68841
66760
24469
70357
53761
7957
32877
62900
22143
41054
99575
46953
57577
19975
13685
27884
26118
46507
54872
8839
95982
20667
22352
86277
46941
83707
60771
27040
7085
54168
25358
90094
24119
54489
33066
83300
41276
57858
40597
28073
19101
75452
21487
14818
84403
77714
25193
5933
92871
87287
42238
40569
78361
77843
75918
87525
29843
69471
24882
92644
1577
40244
55520
67229
97480
79743
18776
14898
46413
37423
34403
45892
71007
25100
23736
30083
98712
18107
54164
8
13
21
55
89
144
65232
5011
9110
83582
27147
93385
35718
25257
93774
3754
60240
81219
24740
86479
26023
34753
1824
371
78678
61976
37337
63963
13627
87329
52807
79678
9294
83256
88739
951
80876
22486
37264
11630
82608
52962
58765
52566
67830
72148
11514
51232
40651
55050
41261
29205
42290
11385
11981
29213
4228
68748
72738
39983
82382
70697
66934
77222
52857
43111
32361
67512
25726
27280
50316
7672
86765
1888
19706
10442
79215
23473
13890
76612
9161
26867
81091
77512
18180
71179
40799
377
610
987
5667
87505
58905
48196
55488
84370
72733
25451
3110
82537
11853
70271
40747
44914
8205
39877
84900
79149
2597
46091
50259
45248
48917
39860
86733
24033
92263
9421
27434
47508
5164
21962
1000
89348
31397
72463
95957
98875
50526
49402
39649
17775
23134
36255
56678
62495
81090
89585
49182
27903
36311
68705
19168
62313
36910
61901
18845
44451
54054
73910
31246
96550
47489
13958
74857
19995
47683
4186
23983
22057
38088
13256
67061
92399
97542
68939
72096
87613
72386
94914
6970
31302
7300
47769
62518
9294
16539
42250
59876
45575
70470
99238
41421
98756
87191
64630
12972
92240
89393
69616
93635
57274
63403
96158
34280
23089
63756
41337
81359
3770
17559
26885
44741
6713
74248
47164
17632
15989
61728
61651
1921
21963
18766
6598
52184
95109
14555
16585
59723
47426
62319
82700
2021
75949
54664
67292
74172
25927
63450
63125
21493
22812
45459
27283
44763
33838
94684
20464
88389
872
8
13
21
68395
71649
41400
86854
37494
60901
22633
90604
27433
92111
85563
54363
6261
98840
25035
72137
54160
40398
59623
32797
54448
13
21
34
45570
97674
33433
40160
15580
9559
87466
25202
89434
46629
70995
42921
36857
76659
8928
23565
17943
91176
78438
70142
49845
3871
29157
32779
50319
358
54230
37559
19963
31645
13524
92256
54580
91957
28528
21258
38289
94976
44103
81270
32896
2004
87486
62100
84094
34119
72699
11688
2826
4296
41770
70001
83459
4736
30609
35362
7022
12067
71241
42130
73551
49242
34254
98477
27191
97519
42246
89194
924
0
1
1
14332
53469
67243
79152
11345
27673
9404
11343
49634
81192
64040
65576
9509
53145
17028
21254
94830
26882
30871
97270
38962
64217
10690
63061
72010
41822
94388
52484
22529
84373
93462
91018
30387
44846
19758
39237
32007
62919
34234
58753
69534
57160
61572
42350
3357
38434
51891
79512
18024
92572
91700
81080
27443
1086
91192
93389
11485
55
89
144
76080
45680
12348
72936
25011
12513
11771
15459
2423
32778
11258
48201
94473
85986
68903
71359
44842
19556
19880
27956
91151
28687
62973
97437
81715
3517
11281
10379
97154
82752
53092
53672
38786
95121
38279
58537
8758
77853
493
83904
751
61857
79063
50737
14455
610
987
1597
69514
15138
65700
13379
61299
93535
19835
90299
69713
8181
65089
53080
54576
56846
45827
1
1
2
99065
37546
7197
3219
87750
68484
4181
6765
10946
3913
71015
23689
8
13
21
14435
906
2302
64317
44217
1411
89602
80987
5136
24336
6330
92975
34185
55644
8691
28329
15289
99912
90848
95063
65268
40802
28888
36503
5463
90032
44581
99532
66079
68367
51566
36354
49559
93039
24064
19993
72380
97969
71993
20776
99079
45562
24989
17873
26208
45648
58505
57468
2584
4181
6765
12087
45893
35988
87727
40611
64478
21794
97378
86406
38484
59417
36800
99689
82108
82798
94083
15194
55655
98077
81719
38564
44065
1659
14687
86669
9333
15439
74349
81498
61368
19685
53937
54543
10442
24460
11818
6079
69196
57449
17545
48690
65432
63291
22265
30780
85176
77702
59546
67327
99299
57803
6750
54443
56354
64371
82321
46364
67299
30991
33362
41981
19857
93554
278
17877
76861
6015
28284
15384
10436
12767
71144
62310
39171
82260
27655
6422
62835
3
5
8
1685
25918
89622
34755
85535
98284
32369
21747
7849
85100
20538
90240
16980
85368
25149
72743
98017
45067
96799
31918
29895
15580
49913
8933
14355
52068
37372
95666
41259
17552
17944
90781
71726
59441
83508
99840
77867
77163
93644
93820
27967
78652
94165
19594
37210
18347
14542
95318
84793
79505
23674
5040
36895
43043
61616
11539
21614
85956
90888
30831
67745
66247
75536
1010
8771
93219
18795
98989
7642
17065
39720
73081
4654
96491
74508
10735
55680
65241
24471
8252
27046
57795
48800
7402
34
55
89
23121
50758
8925
80782
49970
91706
92627
34075
79995
69742
14348
44301
1
2
3
53338
81572
93203
80435
23163
32316
84613
31368
30882
17832
63038
49801
13705
72627
77682
14047
58943
74934
76012
41593
7203
19275
13763
5597
35704
62506
84557
20684
22039
4195
35601
74410
20390
2
3
5
34777
31542
54439
98685
91702
59989
66777
23815
64707
31113
84412
84394
73385
21290
46067
13821
71683
41021
85944
80977
37427
61206
9599
52116
19659
13266
5065
73361
3070
94056
87623
97671
13030
6717
38698
44794
52327
45138
11287
90291
27028
29486
83999
18175
34807
17857
11584
16796
85198
82556
79761
10457
37551
71072
72300
29457
11249
32971
27950
53460
25309
52897
99090
58220
61407
87172
82438
72504
87931
10946
17711
28657
13832
86395
10687
52468
31046
92285
15315
89846
83678
99730
84697
93058
61060
69159
26259
76323
4414
99414
9684
33288
63712
46302
46908
52344
73154
3775
87458
2589
73324
49689
2345
97503
14513
53990
83344
7845
60785
81444
57540
47277
8461
64628
34932
11443
116
73139
25587
61165
93354
38304
94768
38682
16392
69627
70426
82224
95396
92532
77984
16324
11740
51273
61356
38043
44615
16906
78563
23068
29911
49479
70781
47232
94698
36544
82121
65586
21357
74883
77157
69102
97163
93094
62845
14895
3785
71467
61876
23930
23541
5779
64929
46556
66056
79366
14394
66451
59474
48490
31815
16516
684
16497
72255
15597
83986
30308
96144
16149
377
610
987
87192
17207
59564
78103
71682
17261
89958
91788
73006
37731
6195
93143
10222
56616
63756
79342
84291
79407
99186
23058
95671
65871
40294
83891
5156
73148
31333
50406
49690
63379
91451
18733
23090
39879
56410
96117
59137
40045
65645
3934
85817
55002
23411
6412
38666
59768
31012
56580
90826
17696
79026
16095
37257
16071
97486
74472
88135
3642
41940
7225
64995
67140
81909
16378
9445
59609
79034
89695
47340
62041
5789
47999
70257
50585
75022
49227
49800
55915
39394
20884
78851
67966
92432
26876
78331
86704
44418
26843
16775
70389
70168
92452
41013
68746
57831
53669
20591
51437
54929
53431
68664
21670
99843
33499
28579
4181
6765
10946
1399
14690
95658
81265
29113
94714
93772
50179
55796
32931
43744
73771
11355
65535
1598
22818
67154
78770
23754
20538
1700
53159
71509
86103
4588
74314
49082
3294
53164
38518
92238
36383
85346
10496
1165
78045
43495
27345
67769
59194
89135
35316
62135
62352
2675
18453
14572
83952
83039
42885
49014
23084
61232
44432
80724
96361
26760
97067
5935
72074
38778
78865
88387
45268
94173
99758
99175
41893
67408
4933
42154
58015
10525
55942
33334
36055
48706
47370
85825
14355
33833
93317
65857
10861
28187
54621
26291
89170
46771
81076
87627
26414
60993
44882
53563
71995
31868
45296
94900
98992
28739
64262
28431
8366
83874
52921
41207
40799
77829
37639
87269
71326
97322
54945
3219
72185
79267
22859
48807
9131
16900
58174
64583
82660
60414
55666
73320
64901
59615
72175
60982
90353
62402
63429
67975
71266
67416
29461
2798
18646
79594
51838
44486
57221
95138
93703
45840
82707
27628
20044
85966
14041
56853
86371
51088
33329
79569
54795
21705
62805
81497
24003
55636
88839
67266
35951
12136
5907
97090
23277
48276
89645
91553
27909
93337
75246
9728
95046
37672
28751
15302
4575
40615
67819
36038
43484
523
92749
80701
92284
38547
60412
33664
90695
2659
23283
94095
57053
59536
84020
1508
87546
41885
7377
87777
75560
28155
19246
88525
62855
37044
47185
71030
76552
81011
7503
91339
86543
28158
80893
44267
67873
71012
58257
59512
37837
95162
78387
99050
27866
57453
5107
46632
69071
56017
98015
92927
43394
14950
15654
79473
73420
12095
55942
56139
5066
95643
18931
88289
23187
90454
68231
71803
69438
62406
32130
23660
34178
33546
95451
66350
14071
91275
6852
43192
40366
89440
46088
36973
11827
5
8
13
57765
80177
49410
44598
27417
9154
80870
11330
18123
51654
27171
10377
99567
14761
66553
21655
59196
56071
46107
22171
90673
23116
87667
8649
69378
30974
98132
65777
43023
92096
70575
46578
17025
68447
62386
35937
13288
60539
64355
30563
6749
43473
9190
80019
61646
6583
26865
50228
76799
37721
79240
41255
66129
98477
65580
86240
83491
64592
66217
61513
14918
70139
36335
20802
65271
76959
28589
13487
42679
24449
45140
33479
43125
51051
5476
96640
15871
39461
78496
24401
9235
16873
34680
77306
13994
33733
59890
377
610
987
12960
8428
4062
60645
3133
99749
62554
89649
44550
28811
87322
41807
99928
27388
42798
8
13
21
97131
32786
11326
92092
61531
76208
21138
20423
81358
22755
80018
60542
57521
51116
29102
32470
92215
75879
41687
34902
31720
27451
64045
15520
35804
47220
95865
62609
6223
97964
91439
58003
70502
54075
32001
50494
88961
55718
9400
69744
16219
61300
87119
45770
70979
27889
17317
36230
76256
56461
21745
1053
85468
90940
9016
1442
25563
42395
52329
97863
90368
77484
81223
88514
60764
47831
67098
60954
36007
987
1597
2584
55204
87931
80061
32614
19754
76411
36009
95596
98894
72971
49048
86408
29307
38495
86378
68286
28340
81184
57319
47910
35295
31975
59307
89203
55967
5810
74844
7444
43551
11985
65155
64680
19442
75829
77461
33106
93885
96917
60058
85518
27610
14413
38259
63644
1371
41315
94229
73895
9685
84545
52346
6125
52781
74547
37213
80145
97773
41432
98467
26459
85962
87953
73813
42342
11689
85942
75989
58700
97161
613
67288
66875
27581
98006
77960
74729
96045
46493
39849
44870
49548
7726
54902
80151
15422
19279
74973
15267
34002
22519
87164
95559
22604
79506
33986
43433
94567
93558
7961
77583
13886
62705
80012
23551
75205
31326
46594
96511
38965
39338
55963
10647
48548
69995
13
21
34
92615
20189
99212
8764
65184
99346
37463
61304
56449
76810
36574
57016
1193
83629
97148
1597
2584
4181
57489
50496
58138
1
1
2
91521
22164
51929
996
68412
68817
71478
92386
76957
46066
53524
91813
95600
66988
24120
31096
5842
23611
97604
71671
71960
56515
92869
3889
19573
41026
25488
78087
38962
28138
65550
5756
26574
5
8
13
39120
87271
19384
30164
91726
23698
43608
92549
41751
58886
71160
72798
37078
26522
96576
62671
53263
22546
2863
45771
81347
33881
82185
59250
36579
34588
80142
16276
40234
45696
39131
77953
6919
49288
47545
99990
24764
78047
3236
54510
80094
59107
4318
4336
47652
17140
38274
52574
4848
39066
34182
99946
53322
5849
55504
11293
95558
41120
93915
95217
74461
65368
52779
61847
3084
75690
54235
68997
24818
20270
61293
17397
47763
93565
35799
70864
12085
69384
68689
69013
39196
27343
84468
12073
38197
43628
85412
20503
96258
10708
27783
88177
56888
93236
68723
35202
69828
19547
33586
23382
59641
95095
57607
89495
41288
28779
62874
45806
57958
3786
13247
89985
68211
20557
96620
38278
92194
77790
24680
77745
54245
69303
6637
69369
30690
46987
48368
20103
27718
49589
34777
40559
70701
48819
20568
71670
61931
44661
38739
382
10418
10557
83808
34143
23938
2906
20871
49378
98273
96284
43004
57057
92256
70306
16548
35805
93813
28673
4435
66692
23957
65623
80578
72698
86517
79579
34806
20201
57402
47061
49279
41579
37072
44583
95242
16794
90213
46974
52976
10302
77457
43588
48906
90040
3234
28847
22941
47970
34509
24186
32415
45893
61592
58952
51702
82175
91617
46869
68554
89673
49865
23645
27017
3349
74675
74374
19074
64410
87265
67155
94199
53852
18697
17541
58718
93877
33355
2717
89843
45179
66505
76617
1417
40411
33800
35429
1189
15757
79399
67039
56421
12777
15592
21570
17530
72730
96381
19471
35819
56686
99673
5921
40527
95507
13309
67199
98957
49913
50007
56959
8710
32566
13972
72695
58292
77439
94190
19839
48009
38824
37100
42427
14359
95234
91260
6908
93510
89663
72737
3060
19588
7311
82564
5
8
13
32217
71636
58265
29811
49846
7259
53788
60653
48685
88287
72088
98421
55067
39248
53264
82703
25356
66553
5
8
13
61662
57658
94336
45729
20959
76284
66565
35956
96516
87148
6839
35110
28724
85280
64410
20019
37669
63745
79187
7292
74459
81177
47594
33159
33724
8398
30027
14822
39995
42962
44646
57170
23881
7095
89232
88024
2926
15894
55181
52292
35442
5469
67896
36789
55482
80408
4767
14919
16830
14043
34861
17461
97444
62511
47967
32250
74715
10897
24523
9895
70727
38697
39376
85350
24703
93339
75736
7657
95316
67261
80245
76269
19698
40616
17298
83461
71284
8627
60901
37271
29769
6425
95048
15598
99249
8481
55697
38526
17102
8608
34869
36860
30216
7969
58697
5560
97814
22052
13533
6019
67937
32614
62798
75878
23762
55800
8836
44880
84528
18231
81111
89
144
233
3329
90570
38256
26623
20300
27326
4571
99823
88565
27940
19816
80913
70282
88723
94326
54461
4009
96491
20966
32550
73825
37552
13681
39525
95891
78387
56603
45000
87410
53403
48229
38665
25577
74317
82596
26442
45525
31264
96636
91966
24740
77894
77451
65256
16181
69103
20909
53163
9710
65326
11975
48742
4603
79154
39015
4929
14051
96505
9149
85983
75494
27148
39058
46857
93539
2602
49460
24390
57282
80203
60154
48812
41218
92544
35006
38640
26766
4397
68956
62344
73051
30957
367
16070
56908
74367
44101
89850
92237
87527
79961
117
36035
63964
95119
48628
59330
62121
5021
5858
2567
72156
65002
89518
43141
65117
55963
23092
42994
55111
80976
42313
73901
24947
74581
80989
60874
92791
70614
51910
60255
43529
57953
22383
96440
23909
25982
97360
65892
33594
31680
96245
12892
83791
74272
24530
14469
60706
78695
89907
65105
38602
678
65289
2608
75755
5999
21724
86113
43836
58803
8960
94194
63280
50404
33456
87613
61532
51679
56134
27540
35517
95886
49264
81481
84271
20152
91808
5
8
13
78462
10378
72658
47087
36543
97524
29394
76053
4055
36277
26227
76004
33731
60842
1519
80200
97917
56899
43042
25927
65349
82160
65941
6228
30554
68984
65046
65984
89827
50311
21058
76298
80645
1010
62553
26998
3822
10546
95516
40553
72314
28294
80306
51466
9961
93430
24279
21912
86064
2142
19587
18292
94198
39151
10621
79334
17801
87903
85807
70105
29826
35677
63155
56107
85371
21580
94704
20273
81798
95994
44624
10910
73244
98762
22809
79222
95359
98307
59817
9720
72459
35930
53292
68978
51941
60680
86591
61001
2766
97883
62009
83465
64863
29073
58101
16564
1849
15148
64323
62809
30042
42401
87121
71315
72649
26933
39476
24063
87139
4150
38379
97439
52224
92220
34898
60632
32655
32046
92396
66933
93429
90351
46007
49089
38286
92696
46243
65851
48710
36095
71093
13350
93698
50244
94224
94674
44400
65242
25482
73093
65878
75239
77268
28513
44312
13165
59959
1
1
2
40216
43375
72301
64370
95945
55861
76774
40484
43742
73951
57192
63350
92487
83925
31481
57247
85862
58481
92249
60139
10735
38142
65733
78266
87367
33765
65364
67362
72918
55125
62942
58499
19501
15643
12461
76042
84017
88091
14939
60428
74348
65574
58265
60811
2399
50653
82305
56940
22219
68406
61813
26585
62572
46544
81585
78417
8405
91605
53399
74336
94715
17193
26372
81291
92469
92740
25585
92407
37823
25840
99648
62500
38446
5316
91342
31923
65728
92821
22194
67122
97903
99814
66827
27246
37349
47191
5903
36995
45351
2278
27115
1178
43513
45567
88360
19114
23844
37488
20940
4152
6467
53719
29274
14257
46140
15833
43058
65687
18645
32994
29639
92069
99668
31688
80565
3111
78865
42222
68661
20085
7248
39644
24360
2459
31311
37897
16833
47165
44268
29816
65532
88325
74414
74187
87376
71417
92910
26066
93398
94959
62534
3
5
8
4181
6765
10946
6772
24281
26736
8846
83082
37422
62983
11728
78624
4268
73583
62863
62642
14147
75139
32068
78257
49442
54369
66000
92482
1399
58505
11277
46447
61822
21044
28401
99092
62522
69748
4417
99876
44841
33490
79307
78737
37003
93488
47370
14886
1881
95217
84234
84744
49681
67652
81808
33526
8528
52598
6856
99255
61678
30788
32244
33389
95377
38930
48193
19071
19528
47420
30123
81841
59719
60426
63758
90134
84956
3034
37009
60705
22935
85101
9073
45478
8161
38509
64986
61572
60729
53075
82769
54569
9914
33464
67968
7582
44328
46607
86970
1030
36653
66074
1126
37543
17581
71800
92014
95006
65534
48021
66692
24203
76533
34036
40785
62907
34876
63917
754
52054
87332
92292
88413
42290
10040
50173
55707
5040
69702
28436
94602
10601
54541
87929
84912
25369
91774
50234
9160
85270
48797
31051
34576
45451
92243
59197
53852
4771
52733
41534
41031
99371
34457
76541
55931
21565
12027
8835
37745
45239
2103
78309
72947
74944
72893
95446
76775
36232
38267
78914
70486
20976
987
1597
2584
67963
95614
93662
26170
44514
55996
33629
45237
35264
99322
80817
89356
47331
95473
75961
74373
75693
73313
39895
74819
16828
83556
36911
61453
79029
44418
15819
34986
1344
87707
64567
2713
63504
59826
79225
42170
70311
12730
52404
82216
18217
43148
80221
89654
81386
54940
67834
87080
71671
4591
41965
9326
85935
65857
53570
56305
65741
16807
99694
76095
86515
34774
89215
37662
47714
87123
78357
90363
42419
71528
63352
4742
42986
47390
99193
20267
69415
12178
72495
67888
32506
45571
31423
84828
76191
15583
81284
69408
63063
44705
73959
36032
73289
9124
10310
43411
54431
67500
56127
43907
8782
10777
96388
94470
43459
36350
20596
36153
26428
53707
94010
85358
83065
63992
56288
2690
83536
84773
4579
51262
26720
7986
89839
51037
82833
55267
95148
4923
41854
62895
67590
92250
66113
59922
84809
69114
5165
86959
80831
56695
16243
34477
98739
39901
36517
56333
61068
11323
86004
59337
37671
24841
46253
57975
29174
78423
4105
81010
67183
90517
13689
97172
61416
26325
82445
34169
18635
54529
68465
22943
1819
13260
92077
19108
46464
98788
43332
791
25678
51835
3671
17849
47223
84117
32020
95947
86530
8423
75467
45174
50828
9406
99366
26421
58015
86682
76901
20418
51811
94893
17410
67585
78965
55312
61439
26424
18011
45
42366
93967
89343
17577
54702
13216
28125
9592
49473
52838
99272
94190
79881
56283
8471
94544
91887
11341
99881
62292
58929
91759
97058
16336
30424
65379
43926
34300
64804
88065
56437
19879
6750
62962
95631
21969
27768
10531
73340
50264
33893
34552
74199
5311
72622
85288
96253
51199
91372
24523
12456
57949
79729
23426
19197
30370
61612
23738
48306
91167
35316
1684
14287
14827
17193
29256
34982
53532
47846
13396
48302
60312
26375
20681
93194
6602
92005
42301
3047
23413
47940
27793
3537
78827
9962
13869
21002
29021
89946
4450
35465
69952
30657
29654
93035
60575
74684
17775
9081
25224
73960
26242
28368
86724
32452
83350
55804
5798
56516
91035
55394
33450
47941
39897
777
40333
16853
2225
99577
61412
25096
10416
54658
53517
56604
8293
13400
46502
67077
67424
88918
70123
57614
93558
23736
85680
82706
45409
91692
50834
88956
91407
69701
91611
36043
87435
35151
70036
61023
74167
60492
54373
31008
21159
97351
24169
24033
20235
39366
63018
6302
32699
82038
39442
35762
62083
40650
21422
74890
7406
99043
88461
5963
60858
31847
44523
88597
10878
13779
99618
14161
22243
67953
88448
92785
96599
66727
17988
16326
64183
39845
60880
99340
11091
80701
14282
30431
8212
44456
99464
71838
26892
90538
84133
80267
8987
47907
68792
31726
96750
77275
47077
52812
66392
18225
54778
98636
20869
26108
94297
46764
41652
94167
36621
51391
2953
88548
85845
46910
77004
49398
15819
15334
71581
7901
3351
25252
10205
71250
62797
68452
91497
71641
86772
83559
36278
93726
77685
54228
20438
74739
94232
68556
11940
14129
75067
94312
83520
90533
23506
49570
7547
75783
33814
56965
9601
97209
91583
66802
18317
45259
15710
95345
21583
18852
4959
66612
25924
39381
57243
753
53202
84834
49435
19263
7282
215
57126
64850
71166
99112
70142
52633
1942
63327
80916
76515
30943
3078
29768
38105
51414
64277
9611
46661
77798
6622
25724
48386
77119
47347
62993
33357
16940
34596
99679
23563
74173
94473
54933
67631
62319
37534
85527
38282
1510
81315
57201
20533
20377
47267
80089
49925
31133
75688
19897
93630
65541
43532
9960
46051
72161
68606
67484
13339
11048
68841
0
1
1
10618
76957
66764
8327
74161
66759
66866
94506
75332
43965
84918
32525
62519
79182
72335
59724
1524
369
31978
43169
60430
52997
77958
37276
96667
46996
76968
21111
58619
38180
72104
88519
72720
13912
81732
79150
91957
26955
98445
71732
34266
26518
17506
42428
96177
26850
90728
81034
36806
19413
95198
40844
70996
75172
83076
6052
56384
27993
57209
67089
17410
85090
58354
10184
19516
69963
96597
89346
17381
51048
90319
38312
0
1
1
55720
15012
71192
38738
65084
5314
29348
36295
25924
41176
43308
79594
34449
93832
14967
71178
86888
191
52944
98332
77683
62368
27113
17161
71932
61968
71251
25234
66387
24963
30810
5232
43086
10083
86216
83445
17029
59644
43126
40518
71942
2822
88435
66763
48945
99461
1347
53928
17711
28657
46368
87828
82310
31861
84429
66147
99918
36001
15986
65336
5772
75538
98872
84197
64542
40480
92183
85454
82348
82286
34596
43093
51742
18180
83627
23112
99586
85265
74136
6502
1869
55461
79830
81663
41408
17115
98115
8
13
21
51215
33044
6243
8570
61414
8219
18310
37630
94757
28798
31594
80676
68579
75112
91413
233
377
610
78440
30070
80793
98463
77548
17256
4181
6765
10946
75383
93960
48321
86417
63952
84304
73732
31050
722
13585
65711
84850
60538
33463
35941
17651
99389
69948
59883
41601
43678
10092
59156
73950
70053
59010
71279
38568
47404
71350
79273
28078
8090
54663
51230
90386
15123
97894
24769
84624
3918
28692
40182
83188
85752
85301
43967
80924
1309
53930
69365
91925
57979
88473
78299
29657
93949
58563
46428
3178
52873
14345
75520
34216
34718
29901
59108
83214
23463
4488
81518
59063
22760
92379
35292
13203
60829
34742
60578
13553
88279
36897
35799
55736
16738
72430
70940
26187
78632
54345
97292
74419
10198
89126
126
93489
97050
90867
10846
59305
95182
71323
16396
58732
6862
51797
3906
48744
77670
16410
47442
49792
10519
26682
11161
56758
75055
80100
42558
57867
15361
6988
11169
13435
58973
25976
60489
30201
49481
6765
10946
17711
9525
40236
91614
67818
64168
60508
74538
98959
27153
70715
93732
99924
39992
25948
95008
56678
11375
83779
84700
4373
47220
50092
4950
79941
4181
6765
10946
99266
96164
45334
7711
87471
57657
23055
90790
51975
46386
87637
82726
71922
79212
83569
47974
74658
53978
69903
89506
46928
28733
16932
68681
69858
91117
22215
83179
4160
46228
81634
13012
33191
1102
1226
13052
25249
14217
8889
61545
35791
72276
37351
90271
67815
32597
59466
49694
81204
69830
21947
69676
26585
81708
15840
47456
56942
26528
73365
34878
72545
29870
94597
20811
70862
38122
34966
74605
13621
51849
27109
3491
14942
57158
33540
12082
50343
94381
42719
2438
97918
43716
54112
52181
63557
5994
18816
15311
92362
24163
3981
76149
1394
50148
50041
78512
53018
43264
66521
