608
-42
401
574
-931
-531
818
726
840
929
-624
2
127
489
728
322
-582
-421
160
-540
259
-126
332
60
-36
302
-611
-225
-985
-799
838
-84
407
321
-568
-768
-914
884
-494
898
918
157
54
341
56
-927
-664
-663
-355
405
-328
-472
-892
69
-737
869
573
-638
-366
-456
-46
-292
-859
-650
-540
630
-461
-301
487
377
-42
544
712
937
780
893
66
375
334
-278
205
86
482
984
437
73
-470
16
-36
-599
559
830
957
-403
882
702
-748
255
178
-262
-390
526
20
968
410
196
185
-38
519
533
704
301
787
275
232
-965
570
57
259
-758
540
-185
-230
188
-523
192
-879
168
-192
-331
306
-515
374
188
-999
-450
160
-454
-740
-346
-461
-420
-849
-994
-942
-978
532
-557
399
-386
-555
-427
164
448
714
-532
-283
0
181
-465
-894
-401
544
-507
343
337
-198
-879
-225
-992
-531
-642
-991
635
347
-610
355
303
668
150
649
870
565
-284
-950
-814
557
-827
-14
-930
-630
13
160
408
562
593
-162
251
-450
-262
220
398
134
-345
127
-585
-669
755
-928
-131
240
-31
-903
-549
39
-894
-273
33
-66
-60
790
899
-89
-516
527
-968
861
-351
-337
-680
-752
-523
-263
-541
963
-822
-364
653
574
962
999
-70
296
-675
545
311
454
-407
-838
-160
-352
-940
299
856
-18
-322
863
85
-14
937
185
649
303
19
902
-243
-677
-458
-897
-359
247
784
281
571
-1
67
775
-658
-864
-251
25
-622
-810
-735
-902
-306
643
185
110
-588
181
511
478
640
-193
837
-40
-706
179
-864
865
350
-98
37
-464
-902
-432
-601
593
-476
115
-835
640
184
-449
265
-497
362
-296
-486
830
-252
333
30
467
-159
647
-859
-375
-328
135
90
806
832
415
-553
313
501
345
-542
668
538
-646
599
-324
253
-560
-97
-331
-822
471
743
-546
-17
-867
506
-544
920
549
-760
558
60
312
922
-588
-753
360
291
-980
-488
-904
230
-771
-853
-96
-892
-811
964
890
136
-279
821
259
703
-122
-819
-70
356
-285
-513
91
177
8
-436
-233
-737
238
556
-533
-187
-767
784
939
-436
-730
760
-679
-897
712
-298
-540
750
-568
914
255
-52
279
-262
756
845
278
136
647
773
-89
930
204
43
918
455
-48
447
850
821
-511
-692
375
684
-932
775
-491
421
-354
-300
-601
-634
-47
-84
382
886
333
-792
-840
-145
-420
598
-806
-270
396
681
117
-104
-706
979
227
0
756
-602
683
965
998
748
121
-404
-944
-70
269
173
-307
928
-762
509
-245
-552
-506
-750
-400
-768
-15
55
589
-71
570
-217
558
356
-107
-776
58
723
230
-715
-127
64
424
656
726
-643
-944
99
-156
-403
-912
589
505
-68
689
-610
823
-390
963
-807
-971
-203
31
504
-211
74
369
607
-863
193
211
-960
-908
830
427
439
134
171
-290
464
518
741
-165
995
-992
-480
-92
59
-809
-683
691
68
358
974
459
841
379
430
-834
196
319
730
-866
-120
112
-894
-476
-877
-463
870
-993
-952
-621
790
300
499
-418
-771
-75
246
131
-258
-232
290
568
-888
-254
-802
-57
-297
66
-65
-451
529
-180
-474
-269
137
279
-782
430
864
801
975
805
-739
-770
-102
316
-973
-784
883
869
-301
-581
492
-417
408
-260
202
-540
-868
451
-680
-732
60
-537
99
590
-130
183
759
-114
646
371
222
903
86
-631
298
-632
500
537
631
-804
931
918
-556
893
-511
-486
-101
-122
-453
-848
-83
590
13
764
929
757
695
27
598
38
792
-411
106
-639
-636
-368
-606
-54
513
725
207
-940
-78
-316
491
365
-560
422
192
-217
367
911
-901
-378
-240
198
-550
-327
-388
-23
103
991
881
-829
955
-938
428
244
-291
-374
927
847
618
445
-95
209
-716
-336
-2
-205
-817
34
-774
-552
-516
308
447
909
899
-284
-260
-22
-120
-105
-204
4
-231
873
-24
966
945
881
-138
-535
491
451
285
-67
264
-135
-92
-631
-338
731
-10
-208
100
602
-874
748
-988
-889
-561
353
-366
682
-25
-859
-61
146
-521
222
-394
60
-184
-451
670
-162
94
298
-89
-754
-731
216
523
-885
-767
65
478
548
391
779
-275
-676
-556
655
396
9
-397
-339
508
-738
84
-294
11
99
-358
565
-784
129
108
-455
166
-819
316
-807
-889
-305
840
249
150
856
-96
328
209
-584
-246
-998
-192
-336
-178
478
853
-857
982
-214
-243
249
-867
880
-159
334
482
-809
-319
604
-900
-407
781
-20
-544
-421
598
-472
345
605
982
268
805
919
-755
375
-127
798
-556
-832
-607
359
300
193
116
-976
514
696
-242
745
812
-911
-977
788
772
28
682
-500
-468
-448
399
-870
55
-814
-95
-930
347
339
-753
824
972
617
-879
-227
587
176
990
-50
543
-782
-491
447
334
-708
684
321
-946
-93
603
-712
-963
139
-260
-17
855
329
241
-865
810
-634
787
769
-640
-57
-74
693
383
760
-919
233
-241
862
-888
-546
-531
-498
-889
-766
384
986
-551
848
-457
180
24
-297
513
-957
-990
846
251
-844
366
779
-717
199
684
-462
-326
-165
833
977
607
-478
-306
-686
901
476
-128
-711
-467
892
198
-479
-10
25
505
-695
494
-302
608
542
-7
381
-830
553
-488
-998
-891
737
-244
-749
-852
-717
-635
-588
-127
458
-646
-136
-314
-247
-493
38
425
-115
451
521
-3
-846
790
-537
845
461
103
293
538
-329
-754
725
-273
-126
-70
534
361
58
940
379
-631
175
-720
-245
487
929
753
815
611
-390
-932
655
-591
-519
836
89
-297
722
-281
11
624
-907
-872
-52
598
273
874
287
188
-567
-328
-598
-329
-477
-398
304
301
786
810
-278
-186
-73
0
-643
-160
-692
767
-536
657
-168
-615
-560
-962
56
759
-924
980
156
166
-277
-842
-122
45
-856
-998
528
-132
-112
917
-700
383
882
-173
-238
-167
-1
586
987
-480
287
258
83
-433
91
363
145
-333
992
-736
142
-144
-93
-661
851
-488
538
281
-693
-976
189
-237
302
-47
-989
-614
-240
-515
763
-530
972
717
-647
967
-73
147
-51
-214
218
-651
-194
983
450
-174
512
147
331
-628
679
-924
-814
-491
-960
-897
-637
241
961
978
468
324
-759
-571
-666
-313
-383
728
-187
-387
467
823
510
-138
29
741
-615
-948
821
-349
-17
5
-187
438
857
462
-110
-997
-64
-417
191
630
-229
-909
263
-561
511
433
388
-97
911
26
-515
703
489
604
-874
269
126
-240
-618
-668
-187
-555
-642
-990
242
-583
-373
-401
99
-641
-136
177
-661
-955
860
-523
-675
-494
33
359
-820
-319
-659
-263
396
162
-884
-191
-926
172
-98
-507
741
-625
662
-413
-131
-375
763
-204
-623
-924
-591
-350
284
262
743
-406
-603
162
978
-408
697
490
-583
-407
-133
-188
345
292
-819
-998
312
-882
-584
-119
407
-7
791
-35
162
72
834
-456
978
-597
339
-690
-62
138
-155
-913
-472
7
-37
148
-249
581
-878
929
709
-93
-515
92
-526
-862
-567
-855
343
920
541
-831
-705
-477
181
2
-181
-177
-768
-752
162
375
-902
-896
-721
-401
-123
-692
-513
-462
99
-269
-853
946
-575
-62
-709
-715
-949
-494
465
440
-295
-109
507
702
898
-496
938
149
-325
-629
-829
-54
1000
453
256
-881
-676
-387
205
-680
-980
96
900
-854
-905
799
438
-986
-287
-70
595
62
-379
626
970
-928
502
296
976
-700
-722
59
989
517
844
354
214
37
-697
-859
-879
145
14
795
-955
-228
351
-832
-288
-816
-937
-485
555
-690
838
-197
-767
-53
754
-889
854
-776
117
962
579
-111
557
831
640
-417
955
228
495
-621
31
151
-242
-944
549
306
-549
704
548
546
-488
206
2
-100
-6
678
822
466
600
-445
-935
504
-182
528
773
555
817
-127
929
-169
25
815
-961
712
-855
-924
270
866
-111
532
408
-576
223
-39
536
-686
-674
72
-267
167
752
-398
-573
-969
324
-575
562
724
115
537
584
857
769
267
966
211
848
-667
-412
941
-123
-392
-931
-107
-516
-67
-187
-716
-143
412
-991
953
392
-375
-451
159
462
-447
319
523
433
-593
-806
-714
-268
936
781
673
-777
946
557
-214
435
-908
-368
-719
344
263
38
812
413
746
855
293
592
273
533
184
523
-492
787
-243
509
-111
-196
-714
-500
128
-257
-901
-817
95
47
-383
326
-807
376
649
-218
889
-798
886
888
97
-351
376
-32
221
-120
-966
228
-727
-634
186
563
425
-403
568
-940
-623
-117
-248
352
-707
-549
84
855
768
-127
-389
-875
-834
-758
176
476
-430
980
97
-10
114
506
-610
922
-248
932
-326
-52
231
-207
-675
-385
299
-423
243
-902
309
961
-754
534
398
326
637
663
-6
-870
75
900
846
-33
455
-193
397
187
65
960
79
-422
737
880
558
523
-329
-577
381
451
-63
762
-452
780
144
-191
-426
496
442
536
-499
958
557
848
694
-722
-136
-4
859
-631
-436
483
-386
-28
-881
748
-691
457
-10
-454
-937
845
445
103
766
-210
1
-287
-879
2
596
-429
531
520
275
-47
509
829
-513
753
349
80
47
567
217
92
145
890
-440
814
338
-884
-615
559
26
-135
-115
-378
-323
237
114
-588
-908
-798
-504
-209
-471
282
704
-798
-294
762
249
-133
-890
294
-642
-446
-733
647
699
822
61
489
-250
752
-955
908
565
-546
-369
393
-756
744
-81
-31
-765
-608
-65
-698
-313
-723
-599
-863
-985
-337
-470
-471
828
798
228
-668
-650
228
-157
-427
371
600
406
49
-418
-763
607
679
621
-761
78
-318
599
-976
-821
-731
334
158
-978
616
382
476
981
511
-503
-870
437
629
657
850
431
-389
-484
-478
-144
627
-816
-754
70
-381
651
-246
-106
-784
326
-930
-707
-983
-226
-477
105
140
-912
-617
-330
212
346
-850
565
-355
210
-79
620
-100
-660
-369
-592
918
861
-154
-857
907
-434
-85
-531
217
697
134
958
-182
-945
-846
-781
22
178
-742
631
132
-174
919
-679
619
-847
-410
901
517
905
-249
371
-509
-349
-785
-955
33
-309
64
460
-133
-292
686
340
150
227
121
-692
-62
-586
36
-265
719
-756
428
799
367
-853
-522
811
-52
153
249
-802
-80
469
-270
516
-689
261
75
-274
-89
-299
198
162
287
-827
-961
510
-188
772
616
133
184
444
-456
-12
-110
121
767
113
-443
850
588
-585
-72
-254
-733
-362
-91
989
-27
-733
443
-193
-612
628
-944
446
-466
-274
406
971
532
-1
124
-148
-942
-249
633
483
-98
-823
-72
-388
515
216
92
-363
-531
884
521
73
392
-803
-992
188
-338
-355
-324
631
-640
-51
-480
78
-680
-51
828
-627
651
-670
685
-317
826
723
-768
788
243
25
807
445
318
891
-400
-179
16
564
-249
820
416
192
249
-623
-405
-374
-894
69
-734
-14
-43
469
-109
-557
-640
765
32
996
194
578
-398
-417
-764
382
287
-863
182
-578
-958
-999
752
-489
-991
282
-214
552
-985
-777
584
65
-74
-265
660
341
914
919
-151
111
679
949
403
287
-813
-644
228
-809
273
-169
-844
576
-29
184
375
-698
713
157
501
-637
104
832
311
-496
713
-542
-771
600
50
744
-153
-922
946
629
448
-502
-868
772
-809
-953
-852
-45
-21
907
-482
922
-228
-566
-810
-852
135
435
804
-44
-933
-617
-624
-273
337
327
868
-165
-650
227
911
87
-87
-785
85
-90
725
564
-165
230
-342
821
38
-979
36
-263
-730
809
-867
952
-92
-550
64
308
135
-837
-204
669
-477
-975
377
329
-520
-916
445
-468
622
-225
302
554
-700
79
-336
151
-235
-99
-644
-757
-292
233
-191
-227
583
772
-687
-137
-632
-65
339
794
-745
129
-240
-463
-614
-609
930
-633
532
-19
-143
452
424
-915
716
149
303
-539
773
7
859
-609
97
-823
-55
-913
-461
47
802
-704
845
-514
-958
922
-910
411
426
73
-130
629
-194
-857
374
162
-994
-135
4
-10
160
638
800
140
-610
-457
-721
-242
489
744
-661
420
-888
286
107
493
229
650
-716
963
-653
-775
809
672
268
449
836
-852
938
-593
620
-13
578
939
-425
860
276
-609
-568
620
4
-583
977
790
47
426
-479
-283
493
-984
652
-202
236
-246
-606
576
-150
-817
-344
598
88
825
787
224
-230
-182
-367
355
351
454
-374
512
-741
703
87
-748
282
-695
-960
882
-192
-468
759
961
932
172
174
-145
-174
268
-758
756
-323
671
-442
-978
905
-323
-840
278
260
-859
-450
766
-10
-509
-734
84
907
-384
750
396
-999
851
761
-690
-110
45
943
-967
-339
960
-735
-570
-850
-280
-201
771
-147
-450
-693
-660
544
-859
221
-360
-59
-988
632
292
395
-21
475
313
-179
-13
-837
-814
-724
366
-197
-995
-653
175
-607
-344
30
-860
-805
914
-877
777
-220
925
280
218
819
-679
-546
-18
-298
506
-281
217
639
997
283
-937
879
397
250
-494
-411
-989
-907
449
-54
-325
-320
-327
917
326
995
-525
180
163
-1
-944
-552
987
-607
-77
-260
244
524
259
84
128
178
13
-983
-318
-131
534
399
151
-789
-60
-251
915
-301
721
477
-139
-593
281
-302
394
-37
-653
273
-689
-7
-744
989
-12
589
-13
251
-966
-32
767
889
-214
-180
-601
291
-930
607
967
-496
-267
448
125
611
-12
744
854
-601
-593
122
388
784
735
-994
-378
-578
911
-838
-2
767
-587
-283
-791
-429
857
-853
-71
203
571
259
-566
-875
950
269
492
507
915
227
-130
979
300
-888
-64
-637
-988
689
-108
884
-485
852
258
479
245
601
-835
38
-992
-704
-826
913
904
286
715
127
89
272
776
-770
-713
447
64
261
516
177
-368
361
174
-577
89
-479
-817
-572
-280
-499
260
597
-415
859
-357
790
-245
777
875
180
915
383
-239
607
-7
30
687
913
-29
649
-285
524
199
154
-441
874
639
-878
-510
689
-10
-153
500
711
-333
852
820
425
-600
-25
-592
297
-565
405
651
698
372
-693
78
302
-561
-15
-887
145
976
-734
757
-552
-192
969
913
-104
472
-242
-683
-31
-657
477
-724
951
962
-767
382
-214
-434
-416
-660
-93
327
690
242
963
835
694
-809
14
-533
-981
-60
61
-905
-154
813
508
-739
-274
846
133
589
105
-805
128
-463
-233
-419
902
-538
-708
679
-127
-573
709
352
-204
-636
534
-250
-95
121
-485
-805
513
-93
-98
837
-717
-228
689
679
-784
-283
126
-691
525
-702
334
546
905
-9
58
-263
839
-604
-345
-587
-933
627
95
407
336
-736
-113
291
-189
68
-754
987
-439
-414
470
705
709
219
-91
970
-267
-366
400
-631
-607
-822
429
717
556
602
716
253
458
-22
595
-763
803
-427
-429
-481
-185
193
716
-593
104
775
-22
110
599
-993
154
-272
-811
281
-110
323
-740
-171
-122
815
295
788
-715
-940
900
641
-115
490
583
-756
-908
814
-944
-51
232
-1
-692
502
-109
226
-886
968
198
-995
-366
920
-431
465
280
-830
297
-740
671
868
334
-695
99
-248
-118
835
135
52
-729
576
-155
414
-934
-226
30
-266
-51
-767
801
-639
-29
-855
451
-280
-313
-243
33
604
-436
-227
-890
-82
347
-501
195
-231
775
808
944
-591
-82
511
381
-853
233
814
-650
586
498
-830
700
707
-612
465
361
96
-354
530
-665
790
692
507
-396
-243
-660
-304
-177
-943
-925
-841
-703
-363
-596
-439
701
-414
800
-560
344
227
97
-413
-593
-200
302
545
935
332
225
795
246
-214
-262
739
63
612
-642
-4
0
47
-75
-929
-19
-422
-12
489
-877
749
-747
270
218
-951
-108
-293
-532
-205
576
759
-192
-556
193
458
-189
525
-478
413
569
-299
665
-470
-573
-865
43
-300
-982
565
795
71
-611
186
294
789
-54
-795
-261
572
-145
-409
-54
-470
188
392
882
-310
-751
734
929
-649
-926
-617
-403
98
-123
109
563
853
-554
748
-47
121
166
-745
217
132
985
-755
656
-430
487
188
615
756
245
-168
669
-704
-490
-984
-492
-451
-829
-480
817
390
943
467
818
-96
167
-307
940
-284
-82
340
619
-718
-234
-244
-136
410
750
-373
-462
-232
462
-966
-936
645
942
-571
-644
-306
-647
190
379
194
-119
132
-238
78
-389
844
-653
-927
981
-594
830
-146
-697
93
-236
471
936
-800
29
195
-807
285
360
-87
-55
-388
-505
-227
-316
-941
-95
-852
776
-740
-568
-346
338
-699
-363
-932
-633
-699
344
-469
642
665
-251
148
-813
-772
-858
634
982
735
54
-25
163
117
541
681
-897
724
875
-899
-778
748
14
-635
-190
608
-197
109
888
-323
-245
-838
324
400
-488
-103
778
-454
-935
-715
-984
176
-916
705
-213
-761
-581
-81
-219
-893
552
823
127
624
-948
-908
372
-529
512
631
106
933
189
117
398
-113
60
19
263
-159
771
-983
384
-639
60
-263
-976
-752
742
-57
-899
-625
-858
194
256
324
-665
-770
872
358
-700
-874
-683
-989
-745
298
-247
-228
660
843
268
348
998
-735
570
-171
722
-419
257
808
979
511
-222
-436
116
568
780
8
-470
-358
114
629
762
79
-874
622
-450
236
36
688
470
-705
-41
300
355
-343
789
807
644
350
937
-156
-224
-484
-374
-39
241
-676
-667
-600
-630
-229
-691
953
-774
-141
590
-2
-256
-348
-151
-891
-860
867
477
705
-294
139
248
910
-739
444
-482
93
-826
187
445
910
510
-847
-508
-367
109
599
-718
361
-690
12
-737
56
-168
396
459
-188
-104
-674
-416
130
-460
-849
-800
-757
-371
171
591
937
237
342
-509
-581
311
372
-310
-43
565
898
593
-701
-162
-589
-438
-58
-401
-918
-205
660
674
-943
109
580
665
-283
-309
-964
-744
-995
-993
218
-23
-678
728
271
-215
217
934
759
602
467
592
191
-575
-359
384
664
374
458
-939
-83
-128
-993
60
-990
-276
707
694
879
777
411
-730
95
-426
-867
738
107
13
552
-793
467
-383
-516
91
854
101
556
65
-288
955
52
-181
-346
552
-410
716
-965
-962
948
114
-869
-485
449
27
669
-780
-350
429
314
-18
-736
435
550
-944
-95
-971
-477
-974
-144
-331
-479
683
310
252
-548
161
878
423
-109
-343
-785
674
390
-922
-125
-23
151
235
-605
-708
-955
635
689
351
695
839
993
298
-747
556
-766
-483
-539
222
-779
-637
-43
544
299
110
494
-397
-474
-491
918
-46
56
-548
-698
997
-520
-255
24
112
-579
707
736
-823
-863
698
-146
929
-830
-847
572
-96
640
563
-79
471
-989
376
726
-77
-740
88
437
-454
252
239
-856
83
-120
-549
-571
557
-990
297
-104
625
935
705
-749
26
616
843
136
-626
-215
-283
898
897
-736
-595
-788
-817
699
670
-399
506
-561
736
-743
66
415
-778
-651
501
-795
150
935
187
941
-917
-218
281
-590
-176
-733
86
867
231
-516
-20
485
247
249
-492
-1
-591
-644
678
90
413
-353
-614
-837
-435
800
-738
-622
255
-901
39
-739
3
-67
-368
986
880
-661
-606
-875
-260
-201
711
-221
181
-456
224
-112
551
-692
552
725
443
-788
585
272
-428
-928
830
793
-384
691
61
825
-689
-568
946
-383
734
-83
-356
-851
930
-631
254
658
745
-413
-196
-127
549
238
609
210
-257
142
586
-725
108
727
-200
428
-310
-297
620
529
-778
-168
202
155
-391
373
519
223
543
560
403
-142
-29
426
494
-583
879
563
-95
-110
-124
98
-204
-140
-205
-49
-602
54
-944
-252
415
46
-541
-334
511
-924
59
832
377
491
554
656
17
492
-977
-738
425
189
410
-158
926
513
153
-876
795
-826
-49
97
-336
935
251
123
-112
-541
887
147
684
115
149
830
-423
71
7
-95
-567
-341
-601
-527
-912
738
55
995
829
-513
213
-76
984
223
125
-910
474
893
-39
42
-653
800
243
-556
-321
980
986
836
-935
184
139
-122
25
443
599
-629
-140
496
-413
-125
-125
-347
-342
-348
361
125
-282
-733
-677
514
-496
980
135
-228
-973
-408
696
178
181
939
-859
-747
383
-322
-471
-478
635
-288
526
-874
696
979
-599
-957
883
-247
432
-767
134
340
-122
-3
40
528
155
-46
210
-889
-363
458
788
-990
553
-973
-981
-661
254
-30
885
-722
663
315
238
494
974
-896
-14
-998
339
550
-108
824
-881
438
850
223
-109
-450
73
508
-711
-499
-297
444
362
-212
-566
133
-384
-932
105
-370
-360
37
652
-809
111
294
424
-159
662
-860
72
-725
874
924
279
879
342
-752
871
-749
-673
-236
-537
909
510
-716
351
416
-507
-481
478
422
-654
575
239
96
-485
83
-807
-933
349
-696
-850
-118
-48
971
-192
7
969
216
-298
683
276
-918
600
657
998
283
-182
-997
922
710
366
-4
765
678
-348
-945
871
-346
-481
-613
527
-779
-995
386
946
-632
-674
-858
-111
-761
-447
847
721
790
-891
616
-150
-707
-172
-712
-465
-954
883
990
81
-961
393
-62
68
-8
-92
-79
630
613
891
928
-890
-201
-806
-759
733
153
30
543
228
-779
-94
268
903
102
-123
-195
-795
-761
-698
536
39
-584
967
-849
-918
-524
-992
94
-567
873
-432
47
677
247
-219
-445
92
-352
875
-150
-382
-263
-273
276
528
978
234
318
355
623
-427
987
778
-100
-723
-86
-573
509
939
920
-314
-636
-749
-944
-397
-187
737
-950
766
594
-771
194
-527
-518
-430
-715
-727
911
487
-427
293
-786
400
-258
614
-221
925
263
-953
626
-170
881
552
-398
312
-397
304
-309
814
122
702
-920
-612
-72
495
-357
147
638
290
-246
90
-888
-604
52
172
-128
485
386
-818
-110
190
-442
-894
177
73
-405
-961
7
907
933
233
13
591
179
-208
-495
426
357
35
-968
878
803
-459
306
13
-406
-87
445
-631
253
572
550
373
-948
703
545
-681
311
705
315
529
684
-836
565
204
-325
676
-986
-548
420
-145
860
216
-881
-286
677
765
-302
653
534
-551
665
265
152
589
-364
131
-22
-939
766
-360
819
-529
783
-205
188
-293
871
-798
516
712
-773
424
-936
-737
-664
-966
319
314
-554
593
72
-401
859
936
-505
741
198
-341
-452
173
-748
-454
-120
-174
705
-971
-440
44
-44
-769
-407
-271
839
-762
-631
-674
476
-708
75
-591
759
-645
512
-575
-907
686
-14
-357
-990
277
962
742
237
-6
652
-490
-616
894
-780
-173
952
300
917
-199
-765
-892
296
276
338
991
300
-882
855
98
-318
-244
239
-646
744
932
-735
121
107
941
-859
626
448
-197
-146
785
243
870
1000
381
-421
954
-9
-93
-455
-332
-554
759
676
21
-225
-387
-496
-672
426
-415
609
622
842
493
21
122
-833
-398
896
646
-541
-731
-83
975
339
435
-360
-250
-980
-42
369
-274
-644
-663
938
-127
150
-668
-131
-14
493
-666
285
515
-291
-60
400
660
560
-831
-398
868
402
460
-494
-42
-831
306
-635
872
775
289
751
883
66
-340
-880
-382
-685
-57
-580
-908
491
43
47
-184
470
-104
-841
910
616
-780
-204
-667
-189
-409
490
190
-345
880
279
-393
485
-455
-692
658
544
488
-593
-223
-134
797
802
318
-814
36
847
-442
141
492
361
-622
-678
-174
123
677
610
961
-220
-543
884
875
613
-438
-662
-348
747
-201
-629
-830
-332
-355
-270
543
-521
484
9
258
-13
-421
-552
-533
43
-754
-282
-347
-891
718
701
691
108
-771
486
185
-645
498
741
39
382
-113
-202
-171
-133
-944
257
862
239
-117
-209
677
-513
-240
332
-299
142
270
-841
-67
162
876
-322
123
485
786
-496
780
993
-379
789
199
425
339
396
483
95
91
419
-534
-891
-917
-849
-974
-401
747
714
-787
-935
-516
-399
-447
746
557
698
428
-953
329
-178
708
-167
330
221
160
-943
71
-925
-771
574
356
745
-933
-303
879
-947
719
-430
-390
378
-203
-325
185
830
729
417
-77
-280
-221
232
705
-848
-903
-176
-863
-911
863
-763
332
-735
-489
-557
-439
313
-615
462
329
-278
-682
652
-824
-252
759
-516
79
-663
192
-960
363
-820
-234
313
321
225
988
140
831
777
-229
244
511
498
-537
276
521
-42
182
58
157
99
-330
-800
-820
2
98
-607
530
-911
134
-125
896
-967
962
964
759
-203
-386
-487
-389
-45
747
-120
202
476
446
-605
695
670
-180
-885
201
865
858
-737
-187
-43
-693
336
541
287
765
594
163
608
-85
-612
681
-982
-541
-165
42
-945
137
710
668
663
630
962
-249
878
-956
-79
-687
487
-889
-495
185
-584
-527
-49
464
-642
-595
-368
8
-272
-793
-183
163
243
970
249
-481
-553
589
328
404
926
875
-269
25
485
-793
-835
-879
-589
232
-86
-283
-281
814
119
-99
461
583
-775
684
-807
299
-780
886
-893
292
-132
-603
324
-741
571
466
137
535
-941
496
-933
901
-418
-337
-520
-622
-803
-846
398
309
-914
-862
-971
-493
-915
-203
-117
776
-159
385
-228
-214
-330
3
-591
-815
-978
482
-882
-556
933
787
-367
-762
-453
899
178
439
172
211
-945
-313
-491
276
665
-530
-52
888
-802
-456
-837
848
-577
-845
-482
340
-943
-995
-690
288
75
-364
-196
-917
638
-918
97
931
-271
774
-493
172
-256
-374
71
500
98
-679
237
-941
-955
844
610
-774
-117
673
-887
476
-310
-508
-702
-616
-675
926
-340
-822
335
-601
281
837
-859
-307
-841
-381
-404
955
881
-266
-247
376
515
678
-165
-324
383
523
-459
799
-884
-131
167
930
-496
-92
716
-312
-392
-600
-759
636
57
-509
-356
948
-629
552
-843
-813
-384
980
-351
-923
-772
-748
-676
33
-687
-525
605
767
62
-121
896
26
79
-309
296
-696
454
-704
-903
867
343
-331
834
146
607
0
359
-835
-534
841
-608
783
695
328
-831
-90
988
966
857
355
-771
795
-710
-545
-451
-328
308
657
-768
936
-96
-813
69
-57
-404
-392
812
-405
161
-116
-91
9
251
50
-279
-32
-540
667
-348
845
106
-253
-673
944
-55
515
-233
5
-884
567
225
-41
231
-83
988
-269
-868
987
-42
591
-322
367
329
-42
-393
-778
-633
888
898
-519
-65
672
464
-753
484
835
-163
475
-148
-487
540
871
-511
323
959
-695
859
-559
925
756
-220
-143
821
-766
751
-241
-907
512
93
690
-438
-12
804
263
718
-996
-264
-95
843
-827
404
271
-745
-151
211
-352
-968
-247
377
723
206
751
-990
-812
-340
-845
358
-281
-174
-763
174
-679
-470
-685
-880
-542
-288
-888
-681
-270
-66
271
-650
-968
811
423
-880
804
-522
354
186
-15
-950
748
-562
599
-771
-926
188
791
123
-575
-62
-447
115
-146
-502
-540
-428
900
-168
-578
-874
-331
-909
417
99
384
-506
-704
-887
952
-286
717
346
631
552
684
-36
-32
-625
880
-959
14
858
-573
-130
-139
-451
541
-463
-181
414
-377
295
-150
-675
-957
661
-808
-729
673
-822
-801
785
-575
796
-114
445
270
-733
811
-149
-632
-54
-884
334
619
-561
-768
775
-698
-80
229
-645
340
333
468
742
-106
929
-452
948
765
278
990
923
311
-851
204
-84
-63
488
-451
44
518
-938
-954
-330
-89
-354
835
953
746
677
498
-689
400
101
776
-966
-862
-133
185
-125
-982
-353
811
-497
-197
-711
249
84
-405
340
392
-308
61
-220
294
-663
129
44
-188
-348
222
-742
-770
445
916
-965
374
407
-100
998
-304
-936
-342
-827
535
318
-752
752
202
174
-431
246
792
-286
-620
956
532
-890
-919
-612
-583
-320
-494
111
357
-139
272
493
-424
742
-217
-366
64
-277
-429
759
401
-618
-541
-556
247
128
255
-746
-738
-955
-883
-543
985
358
607
493
320
-130
195
180
-214
-490
164
-259
-639
-96
829
420
761
137
-918
-762
340
274
-293
-719
275
-507
-970
750
90
790
-913
-397
-545
550
524
685
-234
-496
-268
465
-117
758
-455
-950
644
-738
588
-881
-821
366
941
-874
-863
827
675
-911
996
-448
-540
-287
959
-866
480
510
793
-562
-742
711
-289
584
77
-807
821
-570
-479
-337
482
120
-699
214
969
-486
303
137
-920
983
-614
-383
866
-119
-706
-983
372
249
-302
149
-59
-328
420
7
-73
-290
493
-16
-873
873
-507
428
-540
-741
498
837
854
29
-488
883
-783
90
30
-243
-901
463
795
-44
247
-628
-839
-671
-29
81
386
-96
-415
-223
-690
451
327
575
-544
683
634
47
-780
-240
-652
365
280
-377
-129
-491
-227
67
-741
268
-258
867
88
-668
-731
896
51
383
334
-151
-882
-15
-299
695
638
32
-425
992
618
642
70
737
388
952
-141
702
-928
-207
361
534
226
-743
925
533
-62
-535
782
-850
-178
148
137
305
378
377
449
-446
74
506
-225
213
200
-599
-72
199
-53
-232
-446
924
841
-430
653
940
-601
-651
689
612
-617
-896
229
183
-839
304
914
142
922
-758
-780
-135
794
143
-498
521
-823
33
135
-908
88
44
265
962
332
-260
-795
-526
935
-713
859
-553
-519
-583
-977
690
807
-381
626
434
-521
-477
614
-151
481
-2
-726
-142
-277
830
-771
-590
-324
-625
-57
352
-481
811
327
-189
-110
902
968
-774
-412
-35
-517
-772
593
-827
211
247
-614
-780
576
792
549
-736
-943
563
441
591
-749
113
623
457
-591
-704
34
826
-867
195
-229
424
-124
371
523
-305
824
-348
-603
-723
485
627
741
969
-48
-442
-241
-304
282
784
411
-825
397
-969
43
712
-120
281
338
177
811
-889
926
-401
554
941
-273
-544
-801
-227
722
679
135
422
-542
-512
824
-469
849
-153
-679
-84
34
554
-822
-799
-717
-416
157
288
383
488
23
284
552
6
-627
-664
171
136
-797
-268
289
644
-570
-276
-763
-493
-17
-248
-791
-960
557
-349
663
272
191
-43
-810
431
928
-650
28
-9
989
274
-112
524
-778
-457
447
600
-170
301
-296
-70
-427
390
-452
247
-346
127
781
-486
993
869
285
958
-799
940
-164
-869
-503
332
-152
305
-985
417
-819
-465
-985
-504
141
369
-449
979
371
667
334
578
-686
641
-649
617
386
-380
-305
78
272
-436
205
-757
378
54
851
920
466
130
-263
620
-356
-461
-103
999
105
651
-146
-210
-594
-852
-996
-649
790
94
-682
0
-864
216
368
-898
-141
-701
-316
971
827
476
763
845
519
172
-528
891
-816
825
-387
947
815
954
-749
192
476
367
-256
554
131
230
-813
-485
-928
403
197
451
594
652
118
359
415
-955
-229
401
-189
-695
574
-958
948
185
464
-929
160
-843
809
-409
744
644
-764
750
-697
128
-595
69
421
636
896
602
-262
-353
734
-67
-689
-159
351
586
119
631
-852
287
516
-539
-534
336
-867
32
-104
279
-567
-159
851
-406
747
163
372
454
-90
735
736
-296
-264
-522
-788
914
277
-642
-721
-619
-817
-908
942
-501
-5
-383
-253
-347
-347
896
-150
-460
-489
17
-537
24
-484
386
-781
-221
320
146
-109
-349
-14
449
-64
-817
-10
-547
488
543
-487
856
-272
6
-292
589
216
78
-289
-749
615
664
-398
934
-768
-58
-781
-149
-586
-241
-980
725
-850
181
854
-150
779
-877
139
407
930
-393
307
-64
-211
-898
-840
-336
-536
916
-159
-808
-677
140
-122
-995
88
-300
894
369
268
207
-403
-302
-364
38
-570
952
994
-572
657
566
-193
66
764
778
947
-347
686
243
925
829
-158
774
446
51
266
562
-439
-137
-466
808
-514
86
841
629
685
184
-810
-369
-729
-528
534
882
-83
545
-184
692
-381
850
-930
496
-384
-423
711
-326
-487
534
-670
838
-813
588
-761
936
-39
-951
397
-741
593
-258
165
-303
169
398
-665
978
513
-105
441
-777
-889
-911
716
260
-142
741
51
548
448
959
778
486
717
612
172
935
137
-959
894
-865
-836
202
906
692
-706
681
700
409
-197
42
611
-9
-385
-660
743
115
-733
-837
-998
-922
356
-343
489
-303
907
535
253
433
150
854
-524
-907
718
134
-798
-24
-91
313
-984
-423
-877
648
597
-122
848
854
125
55
649
-745
133
6
-365
49
688
291
125
529
-984
608
402
329
423
-986
-435
-242
-673
-408
103
-981
151
-211
-867
666
-829
-309
-877
905
-500
602
-26
-639
105
622
156
-758
-58
-223
95
-986
-233
-833
-639
-384
637
-522
-747
821
329
892
893
-480
5
-468
-117
719
922
-820
-688
-447
-873
-76
350
425
466
-627
3
-577
389
-471
-90
-820
43
514
977
-243
-577
706
361
48
88
963
-172
-573
-698
294
-88
391
769
226
598
14
239
436
146
701
244
92
831
-755
81
831
-643
307
260
69
-507
-208
-89
-31
-393
470
850
-794
-342
-938
-670
653
226
-42
835
-556
180
-667
745
391
-260
516
-857
560
-198
830
77
-380
-365
-911
-763
920
-308
613
290
-975
602
333
439
-157
589
-797
-19
-171
543
528
297
505
-104
-935
-383
746
-694
-98
-773
178
280
689
714
764
-476
-578
-778
-512
563
-238
-490
906
980
600
405
145
-825
619
-183
-104
101
-4
490
515
791
231
672
606
-453
912
-982
-107
-193
428
-747
982
822
13
-328
284
-919
66
-399
-875
-588
281
40
-431
-422
757
-12
-933
321
811
14
688
405
-839
-437
918
-880
806
-611
-328
714
-264
-406
36
-415
-377
-302
-412
-779
619
441
748
-110
-193
-591
724
243
-123
-199
-482
-624
-521
992
-942
-260
225
-676
775
-760
267
-441
285
651
824
352
905
-411
766
-688
209
-822
273
-99
517
-22
-920
-489
-384
301
-959
-247
213
-190
738
976
171
-242
173
517
880
526
-933
-502
597
283
298
457
-516
943
-930
936
839
783
272
82
-386
-694
549
178
-570
302
-519
81
132
-310
-507
514
-673
827
244
294
793
887
789
281
935
-450
162
515
-17
-145
-742
268
-737
271
414
-611
500
405
402
415
-427
780
768
326
185
738
-35
-759
-291
-386
-273
918
927
-752
-374
8
468
47
905
-990
-63
466
425
915
-405
850
-757
950
-860
-190
-205
-479
-348
270
583
-362
-861
511
-616
-697
-726
-182
268
96
350
-10
-500
-889
636
564
-748
-590
-727
960
-734
29
-943
-949
975
-870
786
-902
935
-517
-115
-330
738
-690
814
-955
376
-299
-563
132
857
-735
547
-660
798
318
678
174
-74
888
895
111
40
-769
948
-284
143
405
-420
677
20
821
153
42
-791
-629
-272
798
-344
-802
979
-883
866
733
-769
449
-41
-937
934
23
-515
182
-616
351
-853
80
42
-270
-783
-425
-139
-299
770
332
346
-773
808
-530
-641
-449
-244
-268
-740
141
-407
663
377
-50
91
308
-362
-287
955
-318
-872
860
913
198
254
505
-845
-949
-656
-116
234
-222
534
-60
738
153
831
589
894
943
449
-370
-860
-528
-803
-812
611
-607
-854
14
524
497
23
178
-988
670
-226
-898
-584
-933
311
837
900
925
-923
754
639
-515
920
179
74
421
533
863
419
-795
861
686
-696
815
454
-557
-36
-403
32
-540
-148
838
-883
783
-185
354
344
-986
269
-917
174
341
-488
-573
-189
-462
85
-34
-422
509
383
-580
681
62
-615
-379
911
-615
-238
648
-350
939
-873
-933
-982
418
-720
-671
320
458
-143
20
-27
-55
-974
-768
661
745
-154
978
494
179
-587
-489
817
-651
-852
-865
258
742
827
424
-794
600
870
226
-708
923
553
-466
-956
-619
-504
106
390
429
480
850
639
-781
282
-482
-955
96
981
319
720
-450
-431
-48
-944
-421
348
-999
-1000
-490
814
-385
470
695
-129
-131
-989
801
-828
143
144
-513
252
-56
-823
670
17
567
704
-399
-32
564
-626
-214
175
807
472
-598
25
-407
-925
-751
-507
-975
605
42
-585
-916
-542
39
-247
-214
769
-871
-158
406
-585
-299
-338
-616
-942
618
-336
-564
-523
643
178
-54
-6
-297
-372
-256
-26
214
936
-713
548
-447
-868
42
-786
527
-860
139
-464
766
104
103
-118
632
-226
-446
-203
-803
10
-255
499
166
-931
777
-121
-942
263
956
753
982
-599
-793
-736
-20
-571
-812
-586
-336
726
208
-336
664
-686
-390
-257
-654
639
-160
65
-264
261
-840
-767
917
465
-142
-173
-38
-401
-845
652
-996
-675
-584
486
735
-642
-444
-363
20
999
-914
-194
-457
42
58
-932
-997
517
209
-41
290
624
11
95
997
310
-295
662
320
-726
170
8
-203
939
384
-815
149
-121
144
-733
971
-6
286
-221
951
-930
641
845
62
-899
-809
-338
-733
750
-632
479
-894
92
381
480
-648
639
635
-770
427
-599
-930
340
210
594
-228
-851
165
-689
611
-261
79
-863
-882
-650
-713
-406
-877
-826
-340
-103
-930
-187
731
-798
-643
-334
294
-715
-685
755
533
174
258
811
938
-857
605
474
-658
729
-924
640
226
197
108
565
916
631
922
-514
789
395
-869
-363
324
80
-285
70
-262
196
82
247
770
-207
-623
590
-512
-997
266
885
-786
-978
293
662
327
118
895
-212
-942
656
147
994
581
-441
564
-591
-85
543
-424
-375
862
309
-522
-981
729
-826
592
-968
-930
-942
-21
-929
-775
-743
-392
-748
456
575
205
62
-570
962
920
419
-325
-805
424
-521
-838
-378
-432
-962
-115
-433
795
-369
-848
-812
679
488
-571
162
-734
-547
-434
326
-708
-572
845
-636
-562
-322
-239
330
-587
-110
-953
-729
894
395
232
-814
-473
65
-126
-68
-244
-8
954
339
422
-896
-448
515
-870
-835
-505
-872
201
935
27
740
241
962
-726
403
494
-892
591
-440
-781
-205
-811
-709
592
673
840
-829
-281
-634
-758
-68
60
-693
192
845
466
-10
867
940
41
-63
783
540
433
-262
809
-762
-473
28
-756
4
-298
-378
-443
643
-145
-846
-66
515
-283
635
964
582
960
783
-869
-37
585
976
-75
128
324
-845
146
-857
-381
-419
-490
761
-469
769
235
290
-535
34
438
-560
-636
-623
306
610
68
590
-188
859
288
641
-292
313
576
130
940
851
-989
-279
324
-704
757
-702
-169
-971
-668
95
118
581
276
759
423
-287
512
464
-750
-874
747
-623
-783
-231
-46
-100
248
690
9
855
663
649
768
-235
290
-530
626
-665
602
202
-231
197
-433
-191
-921
-444
500
-947
809
-1000
-265
525
-357
-949
-12
-655
845
-820
876
-630
985
-934
488
-374
237
343
-89
-138
920
965
-467
789
285
627
977
212
-294
-106
306
-807
-886
-242
337
-442
348
-88
-442
254
-509
-874
526
698
-4
979
-557
-980
659
978
-370
-785
-831
-224
97
-506
947
284
-216
-814
-394
493
-529
-862
374
-95
-317
461
-670
258
-613
130
795
-431
754
302
833
956
286
488
-35
-108
268
230
855
108
-471
-34
-832
290
295
-76
-205
582
-198
230
-17
269
-524
999
395
-950
68
211
-677
-970
-689
912
301
496
682
-387
-111
-345
941
-91
-619
-132
-491
-676
-400
761
-135
-228
889
-102
-319
767
-9
424
-750
810
-108
-208
-858
-539
174
-369
874
855
-834
-883
829
-931
382
570
942
428
710
-167
-60
211
-143
298
988
-187
-301
-313
-616
-79
450
608
387
346
755
846
-96
74
-458
224
702
-527
-661
-517
300
383
-484
767
670
596
-411
-584
368
312
-654
-423
998
-706
885
-914
892
509
483
-421
780
298
-562
-651
-289
576
510
128
-546
-101
744
732
67
233
-667
-962
-930
200
-853
-101
460
-201
-765
964
-670
-459
903
-177
709
-596
-840
-821
531
118
266
382
-5
-636
-642
186
-533
-501
638
-951
-136
998
-912
-762
-65
134
-875
295
-191
-16
-923
-577
149
-465
-160
-832
-960
-621
952
838
388
662
915
366
396
709
10
692
-634
157
116
202
-616
456
848
-898
-554
-515
-652
429
-116
294
16
-624
-273
975
-812
-463
-39
-973
974
728
198
-525
212
606
-480
123
-119
-263
-478
143
-940
512
-476
-753
-499
-149
-460
-381
303
-5
633
235
-4
-83
-4
-699
-524
-703
-87
196
934
235
-881
-853
-876
-935
849
277
-979
-484
490
-507
-914
671
255
325
540
-388
-776
110
-676
-103
-987
587
770
-223
25
-941
-669
-890
-847
826
291
-259
192
996
-34
-312
293
-908
-338
-459
-880
-543
-538
-682
-199
-476
-975
-221
636
-850
-279
142
-631
-917
23
-325
430
-819
808
202
-41
30
-8
-568
-965
99
-379
-557
607
-424
-131
-391
-783
-253
365
-121
879
760
75
584
429
81
512
413
463
372
912
-975
-274
-465
398
472
796
349
37
-930
314
-683
-817
-745
-720
-284
-207
314
-709
-182
455
940
90
-261
504
649
-369
-149
467
-674
127
-633
272
-477
-238
-252
246
710
-26
47
245
994
995
482
271
-248
427
245
-961
-668
-316
-328
-560
-579
349
747
-431
-565
672
501
382
-677
925
-119
-691
166
501
59
-993
353
889
901
-734
46
890
-553
939
-158
-846
-819
99
914
-260
-179
102
-554
-827
899
876
936
795
-768
-874
-910
625
-43
983
615
550
-903
989
645
-749
399
9
-226
-980
732
-875
-763
-203
-657
702
-572
-387
856
385
455
96
-899
-78
-17
-792
56
-899
-215
-348
82
-867
38
696
601
891
-152
844
284
209
624
628
370
455
240
768
-512
472
-122
-150
109
-560
28
409
880
867
696
406
-395
374
-578
885
215
-662
381
-775
320
-811
-578
-402
833
821
562
-524
-720
653
-569
-421
-408
-234
-978
-171
502
128
-753
511
-161
219
430
832
397
-494
477
-534
-674
-893
367
-999
-576
449
423
-270
22
167
499
929
-416
20
-138
-871
-578
-914
-252
120
-449
363
-857
-312
-288
-81
-268
304
-316
736
-614
132
93
917
775
-809
840
-198
-200
440
774
-153
-360
157
-995
781
506
-961
18
-753
-471
945
295
584
691
116
154
-797
606
-767
-505
195
914
425
-211
103
590
-147
-10
26
-498
372
223
-656
295
-550
877
675
-945
98
-82
706
-817
948
485
426
786
-429
-482
-152
526
-269
-16
499
659
-558
393
-654
-261
-888
106
-706
-30
-768
-329
914
-894
-890
688
796
-790
-711
181
584
108
568
396
-187
-962
-71
940
207
977
967
198
-724
790
172
234
-424
-174
-615
-995
-827
306
-899
-872
648
364
-847
-959
-212
396
-234
-413
-167
-984
-445
672
960
348
404
214
-808
-607
-912
551
784
-844
158
607
236
373
658
-30
484
-568
-308
-272
701
-973
-241
188
-55
24
510
-537
814
593
415
840
-762
-995
450
768
-182
578
68
-955
607
222
863
227
-822
-150
484
-74
893
-222
329
-473
-707
851
486
-933
573
902
-600
-787
838
104
549
-518
-152
10
-715
387
60
-347
729
-95
-668
309
712
672
479
625
-253
-834
-891
-97
727
538
258
-405
604
285
620
-152
810
-941
220
-236
702
658
455
-145
894
907
-8
-684
673
174
-560
-953
-972
881
-191
730
-873
972
901
605
-10
643
-513
956
458
-514
600
-280
-918
-146
835
123
739
-226
-205
821
288
262
-934
-205
-761
-83
-354
928
-500
457
994
-187
812
432
369
301
371
-96
780
-810
-760
458
-980
75
-992
-786
780
-917
-649
-579
-961
-934
-168
588
277
351
659
-246
-524
-816
-188
-667
985
229
-792
671
817
-33
330
-657
199
302
761
900
-330
421
-990
975
977
664
-783
201
-901
581
862
774
-466
197
-458
873
929
-997
-461
-229
891
531
337
662
-302
-245
127
-623
-879
106
-517
109
-255
-515
203
966
-167
411
378
903
300
230
75
-3
-282
-326
85
-115
-517
172
-756
907
-465
-236
-823
-564
73
-247
614
-828
-34
-898
-168
909
438
-466
-975
-749
143
-510
-358
742
198
466
-229
-661
-680
-473
-939
-938
284
561
575
982
238
800
-66
753
935
249
-89
-122
790
378
-307
-386
-286
-174
515
-314
-594
-399
618
837
-403
-612
-665
980
776
866
570
-277
25
-668
-803
749
705
-523
-157
92
648
-205
-550
-374
-567
-649
208
510
-727
974
-858
406
66
-247
155
-930
457
-319
-398
27
751
-749
101
-965
278
508
914
-625
246
598
47
-718
95
475
275
-574
176
-773
965
-11
-689
-810
828
865
153
7
97
-935
-649
325
327
789
-669
-293
892
-172
-685
-372
-623
54
647
550
-834
-664
-465
-306
18
897
953
-858
548
-408
-137
74
84
-951
525
249
-890
-908
916
578
-916
979
-863
365
-647
414
958
122
552
-504
-408
619
-301
475
-765
-327
282
333
498
-57
324
-259
-561
-343
-989
-186
-989
-410
-297
-218
-799
-665
-670
72
-823
-83
-393
302
-634
-702
490
988
828
-64
-53
-844
-585
878
-304
-204
-293
-312
-411
269
896
-169
305
-610
-553
837
-310
422
611
99
731
649
423
-941
-441
544
-254
-321
958
121
418
-38
230
-135
-946
740
-902
259
-88
-73
262
-994
-159
437
-915
39
406
496
-630
-121
-461
-26
-896
455
-586
490
-256
-799
-550
611
-326
707
-839
-679
-795
-801
-437
-765
156
-877
-249
-620
-336
-582
-36
423
692
155
224
609
-616
-199
756
820
196
-468
-820
420
804
-204
380
-548
488
522
-607
-49
133
-260
194
-802
-219
764
-713
752
130
899
367
529
153
539
25
-525
-961
-677
-549
-410
-80
869
476
-962
-759
360
736
-373
339
246
4
301
-948
-553
508
312
816
543
-76
744
44
-445
872
825
-608
-763
-527
856
-145
-664
533
320
-743
751
-663
519
-565
613
-488
-364
417
151
668
-822
604
438
422
-911
-731
-350
626
-573
227
884
967
962
616
-278
402
69
-789
869
80
-144
-729
468
547
715
-131
415
-644
648
546
143
-191
139
-531
565
-345
844
-405
-845
939
-446
-562
621
-570
923
-778
-542
698
-593
-227
887
-263
442
-249
-268
-764
-725
484
75
-298
466
884
-590
437
-351
-565
-787
-108
-857
-697
260
-766
-792
-156
991
544
607
262
749
77
-811
-957
668
642
-700
329
360
256
-55
-96
366
904
-553
-695
-266
-173
-59
586
-229
514
943
58
-131
-946
-231
-684
326
105
177
-250
881
-991
-999
335
216
-583
-846
780
-907
-323
40
-517
-469
-641
-265
-842
-543
-835
-396
-463
-161
-727
97
-802
-540
239
950
-73
-108
60
143
629
689
-635
475
66
671
-250
-332
-671
-864
-203
-523
-856
299
-165
944
-130
-494
797
309
-842
-293
739
84
610
71
-361
709
-152
973
34
345
-510
-391
50
-321
871
-291
-995
-195
-388
848
219
402
212
862
236
-257
102
871
-121
-837
490
-264
492
105
-500
501
552
100
-583
973
741
395
-280
-256
783
-192
200
780
328
15
-159
891
950
752
-854
-191
441
-429
337
928
869
-917
809
-199
-338
773
-892
151
242
-982
716
-525
432
862
858
-780
-254
-438
-564
-104
936
-820
-374
353
-845
-830
-610
-93
-643
498
736
761
-807
-746
-188
-712
469
-368
863
-402
477
73
664
-403
882
-116
-943
722
769
-213
303
797
777
-585
743
831
-491
-599
-577
-88
-766
-662
-947
50
-215
807
-631
699
131
-649
431
-573
-564
590
314
696
439
47
557
-946
306
-650
-167
958
-123
454
519
-928
425
-585
371
-577
-844
-558
355
-252
343
823
151
963
-34
885
-774
772
-509
-738
-739
-982
-879
943
351
-284
967
-397
48
224
-589
823
-600
910
620
-660
-22
-34
224
663
-195
502
952
365
-204
-573
841
-486
-55
703
635
-259
278
208
61
240
633
717
909
870
-821
-430
-1000
197
829
429
-74
79
-493
957
952
-742
946
583
23
450
-468
700
371
-118
863
326
-720
694
-871
681
484
170
-915
-558
-211
973
918
302
340
336
-616
23
-309
893
-476
896
-992
287
898
83
564
-106
-584
-662
581
-736
260
107
-358
800
-598
49
479
691
106
-333
920
986
339
417
-780
77
-160
289
-453
-2
621
-215
898
-603
662
-431
-111
266
301
803
-944
476
-324
-524
-43
750
883
-318
-431
260
-676
-926
-549
-359
554
875
398
-24
333
-946
413
637
365
798
418
362
-559
100
160
833
453
-83
259
-51
156
-277
165
-88
8
-291
581
939
421
569
-702
-649
-998
-338
51
666
651
-522
245
111
307
605
-112
-496
452
-319
520
694
-124
-945
988
-778
-233
41
664
858
-457
593
-56
-968
-480
429
117
851
-779
794
175
-806
-456
-115
842
-574
529
496
351
3
-583
43
467
547
317
-304
-809
562
-220
67
636
-864
-247
556
307
976
905
742
-895
-968
-11
-223
277
292
-61
681
744
-981
-184
-944
860
-518
250
-157
-936
-730
-714
192
-419
-363
-417
-396
-976
850
-697
887
-415
24
724
-846
176
-782
889
-76
-251
-530
12
692
-493
313
-981
-579
171
-912
481
-15
718
214
-878
-745
-55
-611
705
-73
653
229
-514
-989
-478
-311
-942
956
-488
13
776
196
-807
-273
861
386
-245
-600
-400
-683
232
-544
-586
584
568
-484
-21
508
635
280
379
-648
-357
294
-593
923
-915
611
-171
443
-934
388
299
-836
386
-530
499
-708
321
95
-403
552
573
-701
790
-807
461
-606
-566
820
584
233
559
8
-534
-156
455
-605
-693
-836
-978
-338
182
-902
-175
-595
-120
-915
-945
602
-158
576
280
-823
647
784
574
-97
-651
-261
-745
-674
181
-68
990
610
-313
767
640
-662
731
904
-175
-394
727
626
-279
-562
-799
637
-452
-584
-715
602
687
-724
909
-52
-422
367
-164
835
735
-475
573
-391
607
-342
-792
146
-749
389
588
774
-551
674
503
961
-343
-926
-140
407
-377
285
-211
608
-926
-224
-891
35
895
767
861
757
-804
-8
619
-333
177
530
856
-761
920
42
131
-604
772
-739
865
-245
193
-129
898
964
-950
-245
708
520
-563
161
109
-633
302
-258
854
341
849
927
137
-929
986
-950
-504
-927
99
274
241
-26
765
279
267
-164
565
-263
805
522
117
614
-119
975
-75
-828
-895
-920
214
-729
-652
-493
-208
700
-342
276
-729
-133
-189
-791
369
-702
-670
-283
683
-670
-628
-490
237
967
-125
940
435
-667
-793
-275
-808
552
-380
841
-664
-360
312
152
-276
70
98
421
-328
774
-530
-800
-115
-828
-364
365
995
966
-164
703
-470
-257
409
-504
-723
-994
-739
-797
411
-994
-381
394
882
617
923
106
792
215
-111
-636
-696
703
609
450
-16
101
881
-111
268
-66
-688
-520
645
668
-280
-517
-817
311
-111
676
-513
-960
-329
296
337
-366
-248
515
-455
-889
-306
683
-226
-441
259
-299
22
-460
-47
152
-152
-780
819
39
955
828
980
-798
-248
947
-805
-546
-26
-221
191
-902
-680
-943
584
-113
-511
177
-622
627
-866
537
-655
319
448
634
-39
-337
-858
-437
524
812
613
315
-746
-83
889
-306
843
557
424
-435
140
-85
396
991
-950
-634
-145
-173
256
267
90
-260
-866
-215
298
513
-788
104
745
351
583
268
398
-744
-204
-1000
858
-787
824
324
681
-470
621
-737
537
-589
109
-993
876
-346
342
403
-781
-855
-550
588
45
492
587
559
502
954
292
-773
260
-875
-603
-411
-666
-781
-696
-932
-189
-127
767
-898
949
-165
-244
-190
757
-868
347
103
-188
286
757
-503
-28
715
-924
-679
776
-806
436
182
-252
440
329
-495
-801
-351
-210
103
-40
-965
-963
921
865
870
700
72
-453
-279
-640
769
199
-872
-750
596
-467
-137
-551
413
-886
-339
708
605
477
399
889
780
236
-995
488
866
-200
-48
379
-701
914
-77
979
-147
-315
-762
-73
-359
-263
-793
-306
357
208
-11
372
908
-860
161
158
-339
822
-706
-495
516
447
-867
-624
951
625
-483
613
608
512
8
-980
885
-597
-15
-824
256
-105
-779
-676
802
-951
240
823
609
237
465
401
964
668
413
583
563
-804
691
518
-434
900
889
-571
-688
216
402
919
-774
-9
533
-246
227
-624
-609
-355
-237
967
415
-597
777
276
-868
267
-943
-552
-816
511
-225
969
688
156
479
880
-695
551
591
441
-838
-398
178
-938
-506
-280
304
-286
379
48
-458
-908
977
0
-656
-300
-150
328
-970
-596
-112
640
-237
-457
-798
974
-508
231
204
491
779
701
362
960
227
-540
-178
869
409
-398
262
-673
313
-785
-385
699
-612
-111
574
479
215
94
-840
692
239
170
204
-264
-135
337
63
913
773
820
172
500
-693
37
-582
-38
694
636
905
-712
-978
823
-694
-343
192
-259
-1
693
-500
-736
127
-375
361
122
526
-847
162
-997
-983
159
185
-318
-683
403
-967
-283
978
796
-754
-70
68
529
588
832
905
336
444
-692
921
625
500
-101
-889
542
304
799
-652
-837
-944
7
872
493
178
162
435
542
-936
-373
-265
-189
-985
-523
-697
-147
279
-591
-165
-325
-525
-881
-855
-938
858
-639
-686
-350
797
-779
734
-106
-632
898
-444
-543
967
545
-383
982
-276
-642
119
524
-697
217
-531
-560
48
-249
695
-681
-182
-599
211
842
-231
86
-779
565
-842
773
708
127
444
399
498
961
789
-237
232
923
-115
588
-140
-796
404
299
3
172
176
-306
-313
-279
603
-551
737
-729
684
742
401
571
-280
-72
296
386
-778
-10
839
-879
751
743
186
577
330
180
-22
849
81
537
298
-506
648
-558
561
963
-889
895
826
-284
-933
-804
818
-441
319
487
-892
-340
-295
528
-505
-423
919
-298
191
-192
136
220
237
-644
119
-242
543
-515
-624
566
-235
99
804
-873
-714
-652
-205
-10
568
89
277
-906
38
-336
152
-950
-272
